400 277
-763 -486
-146 -77
-783 150
-876 1351
-906 1361
-876 1378
-874 1475
80 -37
100 -47
84 -31
76 -49
-36 141
-25 192
-27 139
-36 160
24 -31
53 -80
-10 -17
13 -32
23 166
29 186
17 137
7 122
-80 -45
-50 -19
-20 -31
-10 -29
847 1376
768 1299
776 1244
805 1305
106 81
-298 481
-208 259
-70 394
-893 1419
-860 1428
-904 1454
-945 1493
84 -65
60 -43
132 -41
89 -69
-22 149
-1 154
-2 58
-30 156
42 -3
-2 -35
44 -45
-16 -2
26 168
-3 147
7 135
20 136
116 -57
-168 13
-140 -21
-63 41
739 1274
782 1293
757 1279
741 1233
284 188
171 21
177 59
-32 240
-919 1502
-929 1520
-962 1514
-922 1523
47 -75
176 -16
128 -38
64 -26
-38 111
0 117
-23 169
-38 175
-20 -10
33 -23
-11 17
-36 0
50 163
54 159
35 137
51 98
-83 -15
-52 10
-94 -10
-92 -66
733 1270
697 1250
692 1182
731 1222
157 255
-9 343
83 274
160 357
-999 1598
-1037 1585
-1013 1646
-1013 1584
101 -63
162 -140
22 13
92 -43
2 129
-45 167
-54 148
-3 134
39 -19
1 -13
-17 -44
36 -19
76 115
54 150
60 89
44 141
-93 -45
-62 -34
-92 13
-76 -39
683 1212
670 1164
697 1195
710 1107
331 253
301 203
157 112
163 250
-1040 1661
-1030 1633
-1036 1638
-1083 1739
86 -14
42 4
92 -71
57 -42
-32 133
-45 103
-37 165
-52 85
-25 39
15 -69
21 -22
59 -34
-3 158
61 164
3 169
-42 190
-72 -58
-78 -30
-62 9
5 -26
665 1138
636 1150
652 1126
667 1108
296 219
162 270
183 282
204 327
-1083 1719
-1157 1777
-1135 1794
-1177 1718
90 -37
68 -34
79 -14
30 3
-66 135
-29 157
-43 207
5 148
14 -3
60 -32
49 -20
28 -17
52 56
22 80
8 105
8 123
-88 -15
-90 -12
-71 -80
-50 -25
591 1156
650 1104
600 1100
590 1081
220 281
302 203
277 228
193 207
-1194 1794
-1196 1892
-1183 1870
-1179 1893
39 -34
55 14
34 -39
103 -61
-71 162
32 153
-29 163
-22 128
22 -67
50 -27
63 24
-7 -61
1 73
61 149
72 131
48 148
-33 -24
-95 -26
-126 -1
-101 -41
630 1077
645 1032
578 1038
595 1065
269 342
223 360
243 397
261 381
-1195 1864
-1278 1994
-1384 2010
-1293 2003
30 -7
86 -57
98 -48
-17 -15
-102 127
5 180
-29 206
-30 180
-41 -46
-19 -48
27 -53
53 -31
14 131
21 141
-17 147
14 110
-54 -69
-74 -47
-112 -56
-65 -47
533 1088
714 923
580 1051
563 1009
364 315
293 199
329 280
271 198
-1355 1992
-1342 2113
-1373 2116
-1442 2175
84 -37
12 18
85 -30
54 -27
-39 198
-51 185
-65 160
-81 161
-42 -35
21 -43
63 10
3 0
20 143
25 144
-10 131
65 128
-66 -83
-98 -34
-101 -76
-36 -51
552 1009
570 1040
582 1023
588 958
330 296
253 303
262 317
291 368
-1358 2183
-1458 2241
-1434 2242
-1473 2336
77 -61
53 -27
27 20
95 -88
-3 180
-46 192
-52 226
-66 194
62 -14
-31 -1
-14 -17
27 -8
7 80
87 88
1 137
-6 111
-113 87
-19 5
-67 -40
-109 -12
508 943
503 981
507 945
519 921
377 279
313 250
303 275
331 315
-1527 2363
-1555 2375
-1603 2443
-1598 2457
68 -16
64 -55
99 -95
82 -28
-58 205
-39 147
-73 201
-48 221
-9 -13
-9 -26
35 -37
37 -37
50 94
44 134
-16 78
-1 74
-92 -6
-136 -29
-101 -7
-110 -6
549 972
516 938
506 908
521 978
317 363
272 458
268 388
267 357
-1679 2556
-1727 2554
-1751 2601
-1784 2701
69 -53
111 -23
38 -72
120 -46
-45 204
-26 162
-8 264
-102 247
21 -45
-30 14
-16 24
57 -11
26 107
42 103
60 100
19 56
-75 -17
-141 -53
-110 -36
-104 -44
524 923
457 879
461 857
493 882
359 391
372 320
360 361
316 313
-1851 2754
-1888 2836
-1988 2898
-1950 2930
39 -9
105 -31
106 -47
7 -42
-41 171
-48 223
-47 241
-63 188
-9 -29
-20 6
12 -71
70 -23
22 121
-43 139
25 97
37 101
-93 -5
-125 -3
-42 -7
-117 -16
548 892
469 860
484 886
506 883
357 359
353 371
283 351
323 374
-1997 3020
-2079 3078
-2136 3128
-2143 3206
75 29
-2 -82
69 -77
92 -33
-33 174
-44 180
-29 196
-58 220
-63 -97
-23 -75
9 49
9 -2
2 93
-8 109
19 111
82 105
-57 -171
-88 -42
-57 13
-116 -95
490 839
449 835
512 819
489 807
395 366
344 369
328 350
324 380
-2272 3336
-2318 3445
-2422 3575
-2501 3663
86 23
63 -46
46 10
79 -37
-26 179
-72 234
-72 205
-16 254
-47 -6
36 -9
18 -32
22 -24
15 107
31 128
17 80
94 96
-102 -51
-151 -42
-128 -76
-121 -59
477 836
529 807
507 886
461 805
292 437
389 401
358 337
439 390
-2542 3785
-2637 3828
-2769 4012
-2810 4142
95 -36
88 -36
94 -53
88 -19
-96 221
-60 298
-75 258
-114 218
28 -33
9 -69
-20 11
15 0
-9 124
-6 115
36 109
17 133
1 -60
-58 -8
-4 -51
-86 -31
429 776
457 797
442 799
417 861
382 405
406 417
423 414
380 410
-2948 4298
-3047 4474
-3131 4650
-3271 4826
44 -13
68 -33
85 12
74 -62
-57 231
-55 216
-29 229
-58 249
-2 -71
2 -23
5 -24
-68 -78
-37 87
56 61
8 53
58 125
-52 -49
-84 -41
-105 -66
-86 -98
444 806
428 839
358 818
425 786
412 398
353 422
378 420
363 458
-3422 5093
-3589 5281
-3723 5543
-3973 5837
105 -27
64 -15
73 -21
21 -34
-63 259
-80 232
-95 256
-124 220
-24 -24
19 -46
-16 -52
-9 -58
27 106
-12 86
42 122
24 104
-45 -19
-152 3
-11 -35
-63 -22
400 772
451 779
422 797
399 749
415 433
413 381
373 417
371 388
-4167 6126
-4429 6484
-4718 6810
-4969 7237
70 -54
84 -28
69 5
87 -66
-53 312
-58 252
-71 242
-56 266
7 27
-31 -45
-3 -115
15 -60
0 49
12 93
79 95
34 110
-44 -50
-58 -36
-79 -19
-81 -74
426 771
401 777
388 763
421 725
420 449
409 462
395 450
438 450
-5281 7707
-5703 8255
-6144 8924
-6638 9674
98 -17
52 -59
65 -46
24 -94
-44 248
-139 271
-149 254
-92 371
-28 -39
-17 -66
-1 2
14 -30
26 68
-10 136
13 123
37 77
-74 -49
-76 -97
-115 -66
-56 -50
385 759
386 744
334 757
367 736
404 462
405 422
405 455
385 441
-7264 10549
-8127 11658
-8981 12979
-10161 14626
66 6
90 5
42 -48
22 -50
-92 354
-89 361
-135 282
-138 267
56 -42
45 -4
-29 -45
11 -87
17 56
-22 81
120 286
46 89
-110 -22
-80 -71
-42 -118
-154 -32
401 779
368 778
290 703
387 704
411 459
387 483
409 505
454 515
-11647 16801
-13719 19701
-16617 23908
-21168 30331
142 -40
61 -27
105 5
93 -16
-85 314
-72 301
10 327
-104 283
-23 -45
25 -7
7 -13
-30 1
52 34
22 118
2 141
27 84
-94 -34
-89 -25
-93 -9
-133 -20
338 685
343 734
335 694
307 708
443 465
458 481
431 433
11369 30551
-28977 -24021
19457 448
18535 29785
-30993 -21628
78 -48
66 -39
66 -2
15259 1315
-115 332
-122 390
-82 328
-3689 -3431
-25 -49
10 -35
11 -9
-15775 12611
16 114
44 99
48 116
30560 20883
-168 -88
-50 21
-56 38
-27217 25003
378 669
407 673
357 621
14276 30790
458 525
451 495
458 574
445 574
-5699 -19730
-31629 17287
23592 31908
18142 -25741
66 -33
79 -41
75 -33
56 -39
-165 355
-155 379
-148 334
-124 365
46 -15
109 29
22 -52
-35 -40
46 119
60 68
73 99
5 92
-50 -41
-123 -39
-91 39
-110 -15
328 714
326 708
345 729
219 1170
473 535
480 535
515 592
497 540
14748 -20901
12396 -17557
10697 -15105
9423 -13272
66 -2
71 -22
81 -56
60 -7
-146 363
-90 393
-148 337
-147 378
31 -33
-10 -77
11 -20
-45 32
37 112
45 70
96 52
232 11
-110 -24
-105 -24
1 -24
-72 -45
379 628
347 648
305 622
322 617
519 532
484 559
510 564
464 605
8441 -11874
7544 -10684
6927 -9719
6296 -8970
80 -43
59 -26
49 -31
101 -2
-139 420
-173 399
-110 420
-151 439
-7 -44
-34 -5
-36 40
-18 -31
-158 153
-55 93
-30 126
-13 85
-104 -13
-93 -72
-103 -13
-63 -60
326 579
314 654
319 619
366 580
503 559
559 581
509 594
484 539
5875 -8275
5472 -7715
5138 -7131
4815 -6737
45 -49
110 -80
44 -49
61 -30
-71 542
-169 434
-132 448
-173 447
-47 -15
-1 -13
11 -54
16 -23
-42 136
-13 104
-25 96
26 158
-61 -19
-84 -16
-88 -11
-93 -54
316 607
348 607
325 633
366 618
540 689
519 640
508 609
624 695
4585 -6379
4215 -5958
4040 -5676
3881 -5431
68 -13
53 -60
72 -47
70 -11
-185 517
-194 538
-172 532
-169 503
-16 -11
-17 -36
-30 -37
6 -3
8 58
-30 73
-5 85
-44 102
-40 -33
-71 -24
-50 15
-64 -41
278 602
307 617
339 565
270 624
579 675
559 675
531 652
579 647
3700 -5107
3488 -4895
3331 -4671
3204 -4434
43 -55
12 -56
154 -43
70 -40
-210 554
-206 565
-208 598
-228 556
17 -67
21 -41
19 10
35 -39
59 114
11 92
-28 50
75 139
-75 -13
-60 -2
-68 -3
-60 -80
277 625
301 620
275 645
291 697
546 671
597 755
559 684
591 727
3124 -4257
2944 -4120
2877 -3926
2763 -3833
142 -109
49 -27
59 -40
67 -9
-229 623
-233 605
-247 630
-232 638
26 -17
-45 -31
7 -8
47 -33
35 94
33 29
52 81
104 96
-106 -21
-89 -5
-101 -20
-109 -37
308 566
294 600
288 565
295 545
583 733
618 770
629 747
611 736
2680 -3710
2597 -3565
2508 -3433
2452 -3361
32 6
94 -2
61 -41
86 -39
-210 673
-242 671
-265 707
-296 686
3 -41
-12 -16
-13 25
11 -62
-23 73
-14 100
-1 48
15 116
-90 -70
-128 -56
-93 -19
-76 -39
311 566
301 560
244 588
283 585
622 767
700 787
670 783
637 803
2362 -3237
2303 -3129
2190 -3115
2160 -2934
81 -18
57 16
31 -38
80 6
-297 783
-318 787
-344 811
-305 813
18 -55
-48 1
18 -35
9 -51
-19 88
0 96
3 96
-11 153
-93 -10
-117 -36
-111 -42
-70 -42
292 536
229 628
245 546
250 538
-31504 1
-31455 1
-31406 1
-31357 1
-31308 1
-31259 1
-31210 1
-31161 1
-31112 1
-31063 1
-31014 1
-30965 1
-30916 1
-30867 1
-30818 1
-30769 1
-30720 1
-30671 1
-30622 1
-30573 1
-30524 1
-30475 1
-30426 1
-30377 1
-30328 1
-30279 1
-30230 1
-30181 1
-30132 1
-30083 1
-30034 1
-29985 1
-29936 1
-29887 1
-29838 1
-29789 1
-29740 1
-29691 1
-29642 1
-29593 1
-29544 1
-29495 1
-29446 1
-29397 1
-29348 1
-29299 1
-29250 1
-29201 1
-29152 1
-29103 1
-29054 1
-29005 1
-28956 1
-28907 1
-28858 1
-28809 1
-28760 1
-28711 1
-28662 1
-28613 1
-28564 1
-28515 1
-28368 1
-28319 1
-28270 1
-28221 1
-28172 1
-28123 1
-28074 1
-28025 1
-27976 1
-27927 1
-27878 1
-27829 1
-27780 1
-27731 1
-27682 1
-27633 1
-27584 1
-27535 1
-27486 1
-27437 1
-27388 1
-27339 1
-27290 1
-27241 1
-27192 1
-27143 1
-27094 1
-27045 1
-26996 1
-26947 1
-26898 1
-26849 1
-26800 1
-26751 1
-26702 1
-26653 1
-26604 1
-26555 1
-26506 1
-26457 1
-26408 1
-26359 1
-26310 1
-26261 1
-26212 1
-26163 1
-26114 1
-26065 1
-26016 1
-25967 1
-25918 1
-25869 1
-25820 1
-25771 1
-25722 1
-25673 1
-25624 1
-25575 1
-25526 1
-25477 1
-25428 1
-25379 1
-25232 1
-25183 1
-25134 1
-25085 1
-25036 1
-24987 1
-24938 1
-24889 1
-24840 1
-24791 1
-24742 1
-24693 1
-24644 1
-24595 1
-24546 1
-24497 1
-24448 1
-24399 1
-24350 1
-24301 1
-24252 1
-24203 1
-24154 1
-24105 1
-24056 1
-24007 1
-23958 1
-23909 1
-23860 1
-23811 1
-23762 1
-23713 1
-23664 1
-23615 1
-23566 1
-23517 1
-23468 1
-23419 1
-23370 1
-23321 1
-23272 1
-23223 1
-23174 1
-23125 1
-23076 1
-23027 1
-22978 1
-22929 1
-22880 1
-22831 1
-22782 1
-22733 1
-22684 1
-22635 1
-22586 1
-22537 1
-22488 1
-22439 1
-22390 1
-22341 1
-22292 1
-22243 1
-22096 1
-22047 1
-21998 1
-21949 1
-21900 1
-21851 1
-21802 1
-21753 1
-21704 1
-21655 1
-21606 1
-21557 1
-21508 1
-21459 1
-21410 1
-21361 1
-21312 1
-21263 1
-21214 1
-21165 1
-21116 1
-21067 1
-21018 1
-20969 1
-20920 1
-20871 1
-20822 1
-20773 1
-20724 1
-20675 1
-20626 1
-20577 1
-20528 1
-20479 1
-20430 1
-20381 1
-20332 1
-20283 1
-20234 1
-20185 1
-20136 1
-20087 1
-20038 1
-19989 1
-19940 1
-19891 1
-19842 1
-19793 1
-19744 1
-19695 1
-19646 1
-19597 1
-19548 1
-19499 1
-19450 1
-19401 1
-19352 1
-19303 1
-19254 1
-19205 1
-19156 1
-19107 1
-18960 1
-18911 1
-18862 1
-18813 1
-18764 1
-18715 1
-18666 1
-18617 1
-18568 1
-18519 1
-18470 1
-18421 1
-18372 1
-18323 1
-18274 1
-18225 1
-18176 1
-18127 1
-18078 1
-18029 1
-17980 1
-17931 1
-17882 1
-17833 1
-17784 1
-17735 1
-17686 1
-17637 1
-17588 1
-17539 1
-17490 1
-17441 1
-17392 1
-17343 1
-17294 1
-17245 1
-17196 1
-17147 1
-17098 1
-17049 1
-17000 1
-16951 1
-16902 1
-16853 1
-16804 1
-16755 1
-16706 1
-16657 1
-16608 1
-16559 1
-16510 1
-16461 1
-16412 1
-16363 1
-16314 1
-16265 1
-16216 1
-16167 1
-16118 1
-16069 1
-16020 1
-15971 1
-15824 1
-15775 1
-15726 1
-15677 1
-15628 1
-15579 1
-15530 1
-15481 1
-15432 1
-15383 1
-15334 1
-15285 1
-15236 1
-15187 1
-15138 1
-15089 1
-15040 1
-14991 1
-14942 1
-14893 1
-14844 1
-14795 1
-14746 1
-14697 1
-14648 1
-14599 1
-14550 1
-14501 1
-14452 1
-14403 1
-14354 1
-14305 1
-14256 1
-14207 1
-14158 1
-14109 1
-14060 1
-14011 1
-13962 1
-13913 1
-13864 1
-13815 1
-13766 1
-13717 1
-13668 1
-13619 1
-13570 1
-13521 1
-13472 1
-13423 1
-13374 1
-13325 1
-13276 1
-13227 1
-13178 1
-13129 1
-13080 1
-13031 1
-12982 1
-12933 1
-12884 1
-12835 1
-12688 1
-12639 1
-12590 1
-12541 1
-12492 1
-12443 1
-12394 1
-12345 1
-12296 1
-12247 1
-12198 1
-12149 1
-12100 1
-12051 1
-12002 1
-11953 1
-11904 1
-11855 1
-11806 1
-11757 1
-11708 1
-11659 1
-11610 1
-11561 1
-11512 1
-11463 1
-11414 1
-11365 1
-11316 1
-11267 1
-11218 1
-11169 1
-11120 1
-11071 1
-11022 1
-10973 1
-10924 1
-10875 1
-10826 1
-10777 1
-10728 1
-10679 1
-10630 1
-10581 1
-10532 1
-10483 1
-10434 1
-10385 1
-10336 1
-10287 1
-10238 1
-10189 1
-10140 1
-10091 1
-10042 1
-9993 1
-9944 1
-9895 1
-9846 1
-9797 1
-9748 1
-9699 1
-9552 1
-9503 1
-9454 1
-9405 1
-9356 1
-9307 1
-9258 1
-9209 1
-9160 1
-9111 1
-9062 1
-9013 1
-8964 1
-8915 1
-8866 1
-8817 1
-8768 1
-8719 1
-8670 1
-8621 1
-8572 1
-8523 1
-8474 1
-8425 1
-8376 1
-8327 1
-8278 1
-8229 1
-8180 1
-8131 1
-8082 1
-8033 1
-7984 1
-7935 1
-7886 1
-7837 1
-7788 1
-7739 1
-7690 1
-7641 1
-7592 1
-7543 1
-7494 1
-7445 1
-7396 1
-7347 1
-7298 1
-7249 1
-7200 1
-7151 1
-7102 1
-7053 1
-7004 1
-6955 1
-6906 1
-6857 1
-6808 1
-6759 1
-6710 1
-6661 1
-6612 1
-6563 1
-12286 10240
26625 28929
-15552 20
12624 -24360
-7582 1665
40 197
-24552 -15099
6144 928
20 -32670
20492 -30207
18944 3328
6144 672
2688 23040
10240 17665
14848 2688
20736 1344
5120 6656
18944 3328
9472 13312
208 360
296 296
13 -24543
-24572 13316
6659 4968
-32494 26632
-24576 -32766
13331 26112
4736 2688
19456 213
26834 -13056
8448 52
-12156 -31711
720 21779
3425 5837
2305 24992
154 26946
13192 2368
16538 13345
-26368 4266
148 -32378
-26103 13056
-15296 -32730
-26085 118
22580 -11520
-24576 -32766
20492 -30207
11524 5120
10252 -24576
13316 20480
3361 11520
4912 52
30234 -23551
24785 -26096
8512 1184
1440 -32766
-32746 10240
28929 64
1440 197
20 592
-32538 18435
20578 -30206
18944 1028
592 -32542
-32750 5143
25088 1680
-32726 13
5152 -23040
896 2368
1344 1536
4736 896
2368 2112
1101 26760
13312 26112
4992 52
-24423 -13052
816 2368
-20928 1300
-32574 10
16435 26630
2305 928
52 -26490
-26103 6496
1184 -32730
13331 10368
-24576 16449
5 13345
-19456 20480
16385 5
20 336
1344 5120
20480 16385
-32574 10
16465 26630
10241 -24576
-13052 6400
166 296
16490 23152
31232 3245
-29852 17181
18528 -22238
22201 4388
-18222 18668
17833 25031
27105 -21668
11282 -20876
21794 -27250
30400 2778
21004 26625
-26352 928
117 -22501
-23295 488
-5467 17024
8437 -1498
26880 -21870
12736 -23900
12736 27300
4214 -11043
88 11290
-4606 -16222
-22501 30465
592 -24466
3415 1492
13507 16908
104 -32730
-12276 23040
-32611 27241
556 -24554
-27898 320
17056 848
845 -12272
-5118 -11346
13960 210
1477 -30197
23552 336
1352 197
26941 28684
-28310 -8818
1352 17679
14470 18485
-21742 -19372
8273 -27030
15494 -27564
20 180
5349 18566
773 -21732
25160 -28446
16395 10250
26625 -24576
-32766 -22511
10241 -24576
9732 6272
-32570 -12272
19715 2097
1093 23168
1376 360
10265 6476
-14589 9818
17219 -10998
-25636 -19951
23765 8534
14994 -13900
5041 21575
13977 -14056
22092 -12008
2645 3267
23636 8790
-5528 19886
-27258 1184
8358 12749
3470 -30912
20523 -19709
-31168 20531
13105 9025
845 -26606
-32638 20664
4119 11216
21641 9219
7045 27388
17390 30277
-26747 -18706
-9111 4503
20411 19959
-27845 2145
28839 20656
24894 16435
-31815 -32716
30293 -2562
9475 32531
-26502 -26101
19456 15184
17800 28929
-11978 4464
-29802 -11648
17589 22152
-20352 19155
-31004 -18328
13700 2626
8452 -16222
10278 184
-32204 3552
28929 212
336 12372
1184 -32478
2419 29504
-24306 -14843
-26394 10588
-7670 16403
19720 8529
320 17312
16499 5
5153 6656
13316 24730
-23016 -30207
13824 464
138 17242
19733 -31454
1952 -28314
18497 -32766
26906 17280
-19970 20599
-31995 -12174
1459 -25761
2739 17231
24926 -4734
26039 28343
1781 -21599
12423 30029
-29396 -6243
-23053 16074
-30096 -1673
-20093 -5892
4069 22888
-18250 23400
-19078 -24244
-10910 24386
28343 12179
32412 -29515
-9824 -22358
-9873 9055
-16570 29493
-28210 -22342
14941 2708
26552 -21511
17671 10906
-32088 18765
-970 -24689
-25914 -14686
-22806 -24752
-1710 29595
-13738 3721
17578 -21749
-214 5376
24639 -19121
-18878 -16468
-23586 3032
4315 -21431
255 -24714
-20047 -11202
31348 14266
-7457 25487
-21903 -21050
-15715 -19379
939 31391
21706 27820
9898 17002
27477 20638
-30106 31816
2199 -14913
-28341 14983
13611 -4374
-18494 -1740
-1768 -3632
-17807 11167
12311 -13614
31455 -13146
-31175 -14136
-25173 19157
20012 29766
-17449 28004
-27509 -5130
-22438 -9968
15710 -6567
4243 -16188
-3325 25628
-5808 18573
18140 -21796
-5285 -21260
-20070 -28254
25656 -2085
-19330 28304
-18091 22425
27255 24017
-11632 15175
27305 -18069
-22340 -14463
-2690 1753
-13359 5419
-20755 -28190
-11649 1826
-4317 -28317
13914 -25127
15505 28461
-18503 -9928
2776 -18166
21078 14002
-59 -5376
23637 -5054
29177 -7086
20798 -8286
-22042 8051
29217 23051
17742 -27864
10776 11547
2848 -23114
18608 9366
-22170 4909
-966 -32076
14532 8614
-24567 27716
17077 -13544
8532 -12234
12582 645
-30192 7072
11914 17665
19648 28753
-19280 11356
5152 30300
17667 -15934
20979 -20368
13464 11356
10542 11352
2616 5676
5143 -24320
-18328 2319
1864 -22139
20520 -26444
-3888 12585
10378 -14051
-22187 -14587
-22522 22449
7708 -30827
-5263 19749
29319 -28075
-30827 -7823
13545 -28869
21522 15156
-8306 30536
29975 28929
17779 7046
-10071 -19200
4128 154
26946 17112
17683 8580
-5068 19203
24657 29971
22 17709
14208 24657
-12020 7520
1096 205
13352 30220
104 -28666
-8763 -32699
-24575 15150
1332 13507
30552 -12020
-18336 -22395
-14827 -24426
8494 25194
19736 8960
25114 -10984
1600 4736
2688 10240
-22272 -24576
-22526 517
7808 -23390
-32505 -24248
104 205
-12284 26114
2433 1690
13345 -31744
8656 17779
13184 8276
-16332 5217
-31744 80
5 5179
20480 26114
5760 4224
16394 19773
-14520 16387
-2608 3124
-19086 15104
-32716 26704
-8191 -29484
90 90
10320 28929
16705 138
20572 -12286
-30206 20480
40 197
-24552 2560
23552 336
320 20
-24424 -24572
-24572 -32766
10 40
1440 672
5248 592
720 138
16465 5
20 26
74 74
-24471 -32766
10 74
74 16451
16393 -24575
13316 -11520
-31168 1178
-24543 -32766
-12272 20482
16385 13313
27072 -16332
13417 -8178
333 -23183
4264 -11054
-11776 -15148
27169 19456
4307 -12156
4866 3392
16605 -5626
2465 154
26690 13057
1600 104
-32730 13331
17024 -32663
-21863 -24576
-13052 10496
52 -20398
5637 -23040
-12286 -26111
3170 464
1096 52
-22139 4992
2112 15181
28160 -16222
-22523 2480
11418 5634
-16222 26662
1712 234
16451 -24576
2567 11840
40 160
592 464
1344 6400
928 52
336 1344
7456 1344
5120 -26624
1440 672
2688 10240
-24576 13316
-27648 21248
-24576 -24572
-32766 -32238
-27834 1600
360 13
3604 20706
26114 8857
336 1344
6400 928
52 148
80 12365
13331 -31744
720 -32666
13331 4864
2368 25242
-12276 -26111
19456 464
154 90
40 672
4992 52
180 -32666
-28650 -26103
23040 10240
-24576 -32766
10 40
160 464
2112 77
-24551 16481
10246 -6896
17242 5662
-14699 -22200
-16315 22169
-23900 23125
-28783 18955
3813 17675
-28480 8237
-21730 2376
21524 -19328
-27392 9792
105 18451
-31327 -32598
27241 1545
-25750 6401
-21654 -31488
-20312 11533
2112 -32678
-13030 1612
-24426 -13052
9728 360
16499 -26101
20992 360
16435 13313
13248 320
52 -24423
13315 -31744
208 -32678
23066 3200
464 154
16435 -32638
-30192 5126
-1536 14828
13316 13952
720 16385
-30197 11616
288 3648
8645 10374
-24552 -32684
20640 -29948
2496 0
2497 0
2498 0
2499 0
2500 0
2501 0
2502 0
2503 0
2504 0
2505 0
2506 0
2507 0
2508 0
2509 0
2510 0
2511 0
2512 0
2513 0
2514 0
2515 0
2516 0
2517 0
2518 0
2519 0
2520 0
2521 0
2522 0
2523 0
2524 0
2525 0
2526 0
2527 0
2528 0
2529 0
2530 0
2531 0
2532 0
2533 0
2534 0
2535 0
2536 0
2537 0
2538 0
2539 0
2540 0
2541 0
2542 0
2543 0
2544 0
2545 0
2546 0
2547 0
2548 0
2549 0
2550 0
2551 0
2552 0
2553 0
2554 0
2555 0
2556 0
2557 0
2558 0
2559 0
2560 0
2561 0
2562 0
2563 0
2564 0
2565 0
2566 0
2567 0
2568 0
2569 0
2570 0
2571 0
2572 0
2573 0
2574 0
2575 0
2576 0
2577 0
2578 0
2579 0
2580 0
2581 0
2582 0
2583 0
2584 0
2585 0
2586 0
2587 0
2588 0
2589 0
2590 0
2591 0
2592 0
2593 0
2594 0
2595 0
2596 0
2597 0
2598 0
2599 0
2600 0
2601 0
2602 0
2603 0
2604 0
2605 0
2606 0
2607 0
2608 0
2609 0
2610 0
2611 0
2612 0
2613 0
2614 0
2615 0
2616 0
2617 0
2618 0
2619 0
2620 0
2621 0
2622 0
2623 0
2624 0
2625 0
2626 0
2627 0
2628 0
2629 0
2630 0
2631 0
2632 0
2633 0
2634 0
2635 0
2636 0
2637 0
2638 0
2639 0
2640 0
2641 0
2642 0
2643 0
2644 0
2645 0
2646 0
2647 0
2648 0
2649 0
2650 0
2651 0
2652 0
2653 0
2654 0
2655 0
2656 0
2657 0
2658 0
2659 0
2660 0
2661 0
2662 0
2663 0
2664 0
2665 0
2666 0
2667 0
2668 0
2669 0
2670 0
2671 0
2672 0
2673 0
2674 0
2675 0
2676 0
2677 0
2678 0
2679 0
2680 0
2681 0
2682 0
2683 0
2684 0
2685 0
2686 0
2687 0
2688 0
2689 0
2690 0
2691 0
2692 0
2693 0
2694 0
2695 0
2696 0
2697 0
2698 0
2699 0
2700 0
2701 0
2702 0
2703 0
2704 0
2705 0
2706 0
2707 0
2708 0
2709 0
2710 0
2711 0
2712 0
2713 0
2714 0
2715 0
2716 0
2717 0
2718 0
2719 0
2720 0
2721 0
2722 0
2723 0
2724 0
2725 0
2726 0
2727 0
2728 0
2729 0
2730 0
2731 0
2732 0
2733 0
2734 0
2735 0
2736 0
2737 0
2738 0
2739 0
2740 0
2741 0
2742 0
2743 0
2744 0
2745 0
2746 0
2747 0
2748 0
2749 0
2750 0
2751 0
2752 0
2753 0
2754 0
2755 0
2756 0
2757 0
2758 0
2759 0
2760 0
2761 0
2762 0
2763 0
2764 0
2765 0
2766 0
2767 0
2768 0
2769 0
2770 0
2771 0
2772 0
2773 0
2774 0
2775 0
2776 0
2777 0
2778 0
2779 0
2780 0
2781 0
2782 0
2783 0
2784 0
2785 0
2786 0
2787 0
2788 0
2789 0
2790 0
2791 0
2792 0
2793 0
2794 0
2795 0
2796 0
2797 0
2798 0
2799 0
2800 0
2801 0
2802 0
2803 0
2804 0
2805 0
2806 0
2807 0
2808 0
2809 0
2810 0
2811 0
2812 0
2813 0
2814 0
2815 0
2816 0
2817 0
2818 0
2819 0
2820 0
2821 0
2822 0
2823 0
2824 0
2825 0
2826 0
2827 0
2828 0
2829 0
2830 0
2831 0
2832 0
2833 0
2834 0
2835 0
2836 0
2837 0
2838 0
2839 0
2840 0
2841 0
2842 0
2843 0
2844 0
2845 0
2846 0
2847 0
2848 0
2849 0
2850 0
2851 0
2852 0
2853 0
2854 0
2855 0
2856 0
2857 0
2858 0
2859 0
2860 0
2861 0
2862 0
2863 0
2864 0
2865 0
2866 0
2867 0
2868 0
2869 0
2870 0
2871 0
2872 0
2873 0
2874 0
2875 0
2876 0
2877 0
2878 0
2879 0
2880 0
2881 0
2882 0
2883 0
2884 0
2885 0
2886 0
2887 0
2888 0
2889 0
2890 0
2891 0
2892 0
2893 0
2894 0
2895 0
2896 0
2897 0
2898 0
2899 0
2900 0
2901 0
2902 0
2903 0
2904 0
2905 0
2906 0
2907 0
2908 0
2909 0
2910 0
2911 0
2912 0
2913 0
2914 0
2915 0
2916 0
2917 0
2918 0
2919 0
2920 0
2921 0
2922 0
2923 0
2924 0
2925 0
2926 0
2927 0
2928 0
2929 0
2930 0
2931 0
2932 0
2933 0
2934 0
2935 0
2936 0
2937 0
2938 0
2939 0
2940 0
2941 0
2942 0
2943 0
2944 0
2945 0
2946 0
2947 0
2948 0
2949 0
2950 0
2951 0
2952 0
2953 0
2954 0
2955 0
2956 0
2957 0
2958 0
2959 0
2960 0
2961 0
2962 0
2963 0
2964 0
2965 0
2966 0
2967 0
2968 0
2969 0
2970 0
2971 0
2972 0
2973 0
2974 0
2975 0
2976 0
2977 0
2978 0
2979 0
2980 0
2981 0
2982 0
2983 0
2984 0
2985 0
2986 0
2987 0
2988 0
2989 0
2990 0
2991 0
2992 0
2993 0
2994 0
2995 0
2996 0
2997 0
2998 0
2999 0
3000 0
3001 0
3002 0
3003 0
3004 0
3005 0
3006 0
3007 0
3008 0
3009 0
3010 0
3011 0
3012 0
3013 0
3014 0
3015 0
3016 0
3017 0
3018 0
3019 0
3020 0
3021 0
3022 0
3023 0
3024 0
3025 0
3026 0
3027 0
3028 0
3029 0
3030 0
3031 0
3032 0
3033 0
3034 0
3035 0
3036 0
3037 0
3038 0
3039 0
3040 0
3041 0
3042 0
3043 0
3044 0
3045 0
3046 0
3047 0
3048 0
3049 0
3050 0
3051 0
3052 0
3053 0
3054 0
3055 0
3056 0
3057 0
3058 0
3059 0
3060 0
3061 0
3062 0
3063 0
3064 0
3065 0
3066 0
3067 0
3068 0
3069 0
3070 0
3071 0
3072 0
3073 0
3074 0
3075 0
3076 0
3077 0
3078 0
3079 0
3080 0
3081 0
3082 0
3083 0
3084 0
3085 0
3086 0
3087 0
3088 0
3089 0
3090 0
3091 0
3092 0
3093 0
3094 0
3095 0
3096 0
3097 0
3098 0
3099 0
3100 0
3101 0
3102 0
3103 0
3104 0
3105 0
3106 0
3107 0
3108 0
3109 0
3110 0
3111 0
3112 0
3113 0
3114 0
3115 0
3116 0
3117 0
3118 0
3119 0
3120 0
3121 0
3122 0
3123 0
3124 0
3125 0
3126 0
3127 0
3128 0
3129 0
3130 0
3131 0
3132 0
3133 0
3134 0
3135 0
5125 4864
1344 6400
928 52
-32666 -12276
-26111 10496
-18176 1184
-26586 26632
9728 7040
154 16691
26146 640
-14380 2417
1696 16787
20514 16385
26630 -13056
6400 928
52 -24423
13315 19648
464 2112
77 13345
9924 360
16435 5
20 336
1344 9728
360 40
52 -24423
13315 20480
19712 6400
672 2688
1280 11520
14336 16394
-24552 -24571
-32766 10
296 13
20 -24424
-7582 6016
-15340 27963
14592 -22954
9699 -22184
-23972 -29099
25764 -17494
360 -18915
-20270 -19696
24913 -18674
-23303 24997
-17188 -18771
-30059 8377
17258 13335
23936 212
-11054 5632
-16222 -19148
278 -6119
12802 500
13595 14080
117 -23015
4866 2112
12365 19738
5120 20480
16385 5
20 -24423
-26112 13056
1600 104
205 37
20 -32666
-12272 16385
10250 -15104
11776 218
-12286 -20221
1600 -18392
10502 25088
-16227 20828
13168 -19196
-13601 -22151
18323 -13009
10567 -26775
22081 20058
-6653 -26863
21871 29097
12319 11206
-8195 -32558
-15590 -24336
-18938 -11026
22364 12835
-3777 28753
-24904 15221
-6784 -22375
440 -25194
-7806 -11802
6090 -13033
-15966 13168
5685 -32757
-22375 3045
5006 11829
-9135 26261
29097 25626
13769 -7578
-28334 -12998
-7600 12639
-12494 -8112
12631 -13278
15541 23717
-28040 20878
-28452 -11718
-15440 5749
29441 12626
20547 -16125
1952 -32538
-12276 16385
16395 5
20480 -4862
928 877
-19454 -10752
1114 -28585
4435 16730
-30634 18789
22135 -31096
-27065 11006
18612 21892
4513 -22984
4683 2433
154 -11198
2768 -24540
1543 1952
26725 2827
26805 22712
16995 23732
12588 -352
6125 -30699
9822 -18005
8607 -29415
-20822 16686
-27476 -31239
12490 15277
-27509 9571
8530 -19312
18549 -30570
14042 -18261
5510 28839
30474 -24064
6624 -8030
5933 13057
2624 -32742
29975 5122
19529 -29364
-4722 -15148
-27194 19616
10350 -32080
-31587 -5100
-24032 5312
88 24657
10 40
24992 154
4136 336
1344 5120
26112 5760
5504 30551
-21795 -32483
26018 3752
12882 16557
18105 -22992
-27576 12552
16716 25226
20492 1595
2856 17672
-15275 10278
3000 138
10306 -23040
16385 26888
-31232 2688
5184 21248
-24576 -28670
12293 3356
-32202 -32285
26024 17674
13312 685
-30181 6240
1184 672
2688 -7934
23616 586
16609 92
1440 1184
160 138
17987 25057
15629 -15486
5965 1547
-18328 13144
22592 16465
13144 3392
52 23284
13358 -23218
12922 -23314
-30872 2761
26291 -10202
-8737 -25875
3227 3207
31167 -22151
9137 -18264
13312 25436
-22059 -19854
9619 -21484
-2728 8981
-22459 -21182
9063 -23944
28124 -20042
-23919 16687
26175 23212
17462 19942
19403 11924
-28329 -6680
-32245 317
22897 -11338
-28405 -16871
16746 23922
-22309 -30197
25918 8870
-10487 -22810
17446 12805
2885 1868
-23419 25031
-27158 -29171
-32060 11834
1851 16791
4438 -32362
-29608 5840
19971 2786
9774 13345
12486 18640
26 -12212
13344 192
928 20
592 1690
27447 31359
3456 -595
2794 -13549
928 21099
17409 116
10914 24837
5570 -4610
-20477 2785
8621 -6773
173 18984
-31411 1415
-25766 -15474
-11582 25708
27265 21102
5660 8064
-26998 27906
12708 21216
-10239 20646
23201 5248
8237 27927
5920 -32748
16433 11021
2112 69
-24552 -24572
-24571 13315
26112 3200
720 16403
-5626 28160
-32662 26690
-13056 3120
720 592
-32538 -32750
-32746 16413
5 20
336 138
5 20536
-13024 -15032
16605 23048
6784 -26534
9741 4736
1432 5120
20480 -12286
26624 10241
29441 3648
-9896 -4674
-11960 28001
22485 -6682
5801 6545
-26239 -9047
3739 -24810
27358 5678
-15852 -5461
616 24342
-32358 -24564
26119 -14448
-24535 5385
680 18497
-30110 31232
6354 10736
-24320 6248
-19216 3597
16395 10770
976 -23424
-32765 1440
-24416 1184
52 148
8528 16433
10246 25104
4992 20
16401 17672
-32725 -29854
-25728 -32663
-24467 5123
25088 6784
12357 10
-12212 20482
16385 -24575
-24572 -32766
10 40
672 2688
16896 296
16433 10246
-15104 11520
8448 20
-32634 -11238
26888 17312
77 -24543
-26106 26880
1696 -24422
26650 -23551
4179 -24555
-9468 2112
-32682 5139
750 -24043
1248 848
-24504 11012
22092 -21235
11340 23080
30208 218
-12234 25090
3200 336
138 16433
22024 4224
22410 -31216
-16227 23145
8544 90
21324 10241
3329 305
1696 16531
9740 1192
18598 592
16410 -32762
13331 13184
2368 1344
5120 10432
-15871 5760
2688 3864
-16220 41
-32666 -12276
20560 16385
5 20
180 336
154 -24567
-24572 13315
20480 -12286
16385 13313
748 -29850
20992 13312
-26368 -28256
296 -23031
19712 9472
13824 2688
6404 1184
1440 205
26662 -24576
-22012 13312
-26368 676
16403 26630
2305 1184
12749 5
20 336
1344 5120
-9728 3328
5120 -31232
384 2368
1344 5120
20480 -12286
-7678 6016
20 20640
-31486 676
-32542 5143
-25856 104
197 26651
-15104 6144
-6416 1
-6367 1
-6318 1
-6269 1
-6220 1
-6171 1
-6122 1
-6073 1
-6024 1
-5975 1
-5926 1
-5877 1
-5828 1
-5779 1
-5730 1
-5681 1
-5632 1
-5583 1
-5534 1
-5485 1
-5436 1
-5387 1
-5338 1
-5289 1
-5240 1
-5191 1
-5142 1
-5093 1
-5044 1
-4995 1
-4946 1
-4897 1
-4848 1
-4799 1
-4750 1
-4701 1
-4652 1
-4603 1
-4554 1
-4505 1
-4456 1
-4407 1
-4358 1
-4309 1
-4260 1
-4211 1
-4162 1
-4113 1
-4064 1
-4015 1
-3966 1
-3917 1
-3868 1
-3819 1
-3770 1
-3721 1
-3672 1
-3623 1
-3574 1
-3525 1
-3476 1
-3427 1
-3280 1
-3231 1
-3182 1
-3133 1
-3084 1
-3035 1
-2986 1
-2937 1
-2888 1
-2839 1
-2790 1
-2741 1
-2692 1
-2643 1
-2594 1
-2545 1
-2496 1
-2447 1
-2398 1
-2349 1
-2300 1
-2251 1
-2202 1
-2153 1
-2104 1
-2055 1
-2006 1
-1957 1
-1908 1
-1859 1
-1810 1
-1761 1
-1712 1
-1663 1
-1614 1
-1565 1
-1516 1
-1467 1
-1418 1
-1369 1
-1320 1
-1271 1
-1222 1
-1173 1
-1124 1
-1075 1
-1026 1
-977 1
-928 1
-879 1
-830 1
-781 1
-732 1
-683 1
-634 1
-585 1
-536 1
-487 1
-438 1
-389 1
-340 1
-291 1
-144 1
-95 1
-46 1
3 2
52 2
101 2
150 2
199 2
248 2
297 2
346 2
395 2
444 2
493 2
542 2
591 2
640 2
689 2
738 2
787 2
836 2
885 2
934 2
983 2
1032 2
1081 2
1130 2
1179 2
1228 2
1277 2
1326 2
1375 2
1424 2
1473 2
1522 2
1571 2
1620 2
1669 2
1718 2
1767 2
1816 2
1865 2
1914 2
1963 2
2012 2
2061 2
2110 2
2159 2
2208 2
2257 2
2306 2
2355 2
2404 2
2453 2
2502 2
2551 2
2600 2
2649 2
2698 2
2747 2
2796 2
2845 2
2992 2
3041 2
3090 2
3139 2
3188 2
3237 2
3286 2
3335 2
3384 2
3433 2
3482 2
3531 2
3580 2
3629 2
3678 2
3727 2
3776 2
3825 2
3874 2
3923 2
3972 2
4021 2
4070 2
4119 2
4168 2
4217 2
4266 2
4315 2
4364 2
4413 2
4462 2
4511 2
4560 2
4609 2
4658 2
4707 2
4756 2
4805 2
4854 2
4903 2
4952 2
5001 2
5050 2
5099 2
5148 2
5197 2
5246 2
5295 2
5344 2
5393 2
5442 2
5491 2
5540 2
5589 2
5638 2
5687 2
5736 2
5785 2
5834 2
5883 2
5932 2
5981 2
6128 2
6177 2
6226 2
6275 2
6324 2
6373 2
6422 2
6471 2
6520 2
6569 2
6618 2
6667 2
6716 2
6765 2
6814 2
6863 2
6912 2
6961 2
7010 2
7059 2
7108 2
7157 2
7206 2
7255 2
7304 2
7353 2
7402 2
7451 2
7500 2
7549 2
7598 2
7647 2
7696 2
7745 2
7794 2
7843 2
7892 2
7941 2
7990 2
8039 2
8088 2
8137 2
8186 2
8235 2
8284 2
8333 2
8382 2
8431 2
8480 2
8529 2
8578 2
8627 2
8676 2
8725 2
8774 2
8823 2
8872 2
8921 2
8970 2
9019 2
9068 2
9117 2
9264 2
9313 2
9362 2
9411 2
9460 2
9509 2
9558 2
9607 2
9656 2
9705 2
9754 2
9803 2
9852 2
9901 2
9950 2
9999 2
10048 2
10097 2
10146 2
10195 2
10244 2
10293 2
10342 2
10391 2
10440 2
10489 2
10538 2
10587 2
10636 2
10685 2
10734 2
10783 2
10832 2
10881 2
10930 2
10979 2
11028 2
11077 2
11126 2
11175 2
11224 2
11273 2
11322 2
11371 2
11420 2
11469 2
11518 2
11567 2
11616 2
11665 2
11714 2
11763 2
11812 2
11861 2
11910 2
11959 2
12008 2
12057 2
12106 2
12155 2
12204 2
12253 2
12400 2
12449 2
12498 2
12547 2
12596 2
12645 2
12694 2
12743 2
12792 2
12841 2
12890 2
12939 2
12988 2
13037 2
13086 2
13135 2
13184 2
13233 2
13282 2
13331 2
13380 2
13429 2
13478 2
13527 2
13576 2
13625 2
13674 2
13723 2
13772 2
13821 2
13870 2
13919 2
13968 2
14017 2
14066 2
14115 2
14164 2
14213 2
14262 2
14311 2
14360 2
14409 2
14458 2
14507 2
14556 2
14605 2
14654 2
14703 2
14752 2
14801 2
14850 2
14899 2
14948 2
14997 2
15046 2
15095 2
15144 2
15193 2
15242 2
15291 2
15340 2
15389 2
15536 2
15585 2
15634 2
15683 2
15732 2
15781 2
15830 2
15879 2
15928 2
15977 2
16026 2
16075 2
16124 2
16173 2
16222 2
16271 2
16320 2
16369 2
16418 2
16467 2
16516 2
16565 2
16614 2
16663 2
16712 2
16761 2
16810 2
16859 2
16908 2
16957 2
17006 2
17055 2
17104 2
17153 2
17202 2
17251 2
17300 2
17349 2
17398 2
17447 2
17496 2
17545 2
17594 2
17643 2
17692 2
17741 2
17790 2
17839 2
17888 2
17937 2
17986 2
18035 2
18084 2
18133 2
18182 2
18231 2
18280 2
18329 2
18378 2
18427 2
18476 2
18525 2
10608 -25272
-21402 19932
9747 27225
17948 8345
-24966 -12206
-2848 28684
122 -19078
9760 -24490
-32668 720
720 26
-21149 8194
22136 -15971
-19294 21936
17190 14661
27234 13265
4663 -29390
8794 18012
20533 28294
8358 255
5243 18670
22036 6910
814 19212
-16315 -19376
942 -24384
-10909 18026
-13765 -22171
-4072 -2021
-27306 18635
12946 -16677
-27030 5641
21520 23094
11913 -27174
-18383 18833
-19190 -26278
9486 11625
-19050 8531
-32316 -11347
-18949 25706
-28360 -19915
30335 18605
-23460 -10938
-18070 -6775
515 -13103
-24036 5656
12703 -23492
27727 19125
28738 -14037
23149 4137
22240 -8558
-26449 -27441
-24187 -21137
24894 -29326
-25614 -18949
10071 24980
-426 6125
10263 -25246
-16190 -24810
2866 11283
-13558 26611
-19081 -28885
27540 13019
-17166 255
11834 4647
11195 -8657
-21670 29337
11149 23628
4514 -28340
13 -32766
13335 26112
-9087 -11198
28680 3124
-24575 -26622
-30197 18944
10240 -23552
29489 -20928
-22501 23729
-31773 -2121
-20312 -30727
-8849 -21769
-13179 -26060
28933 20644
-26552 16800
138 74
8205 13331
28160 12710
360 -23080
4192 5805
13825 4307
-24467 27907
279 10405
2488 -29770
10375 26811
29368 -9594
7008 360
-11766 -32584
5933 -7912
-14528 -32670
10 -24471
-19194 6408
12573 13360
9924 104
-32762 29971
6912 168
-32730 -12276
6658 19456
467 -11356
-24576 13316
-27648 -18176
160 11418
26114 139
-29850 -24064
3211 -12963
-16054 21873
22697 9335
20749 7264
-32226 14510
1562 -31212
6717 -23388
-11063 -19244
-26520 -10771
10806 -4382
29236 -26481
-27272 23722
21066 -29145
-13475 -19367
25690 -21861
18233 -5263
-13521 -21684
-12408 -16054
-21903 22740
23854 -16759
-13222 25520
2368 -24248
-12096 -31997
-29612 6801
6547 13616
3877 20
5590 7479
-9340 -7858
30305 -18222
15276 -11926
-20368 10683
1523 -27514
-26461 10284
11866 3350
23732 1324
-29866 -31099
20914 -20368
23238 5495
5510 -7774
-13727 -20812
5910 11117
-15474 27093
11484 9532
-15795 -1598
-27358 25031
27460 12359
24408 -29906
24725 -5902
22712 9807
-26457 15660
23137 -32199
-31549 17771
-16190 -27310
-15934 -25166
-15678 -24043
25057 20612
-24544 -15099
2608 29952
1285 8192
932 18611
13315 19840
212 -26522
30083 4912
117 13345
-26368 672
640 4136
148 83
672 7040
2112 77
27169 13056
1356 5837
-13056 43
24657 -28912
-22282 -19455
-5120 720
-24466 -13051
1541 360
9320 40
20675 20560
1280 14336
45 25915
-24533 25875
279 15042
4931 28619
-24351 22025
-25643 13807
-32213 -15058
-22006 -27166
18635 17556
14261 -30947
-23291 -10127
26649 -14664
-22803 23043
4481 20531
-24031 2177
19661 -11514
-31560 6093
-13056 23
6093 10497
-6912 -32748
5240 -29171
16465 18658
773 -24034
7808 41
16625 5134
11540 5120
20480 16385
5 -24552
-15100 1536
640 296
180 80
325 -15008
24577 709
-32750 1034
37 -32714
16387 25357
1612 16531
9741 4992
52 -32666
-32746 10
-12196 26624
5120 -19456
6656 18944
17152 2112
360 40
205 13345
-31232 6784
360 -32090
-32702 -12272
20482 1280
11776 40
197 -24552
5123 14016
464 -32586
-19454 -31488
23657 27907
279 -12022
4208 6061
13825 23765
4214 6061
-23295 9320
23145 8544
20 -32634
-11504 -31560
23604 -26106
3344 -12236
13325 9156
26 21347
-18175 934
-11432 -11504
1100 18598
592 592
26 8205
-32750 20492
-30207 12544
2880 138
16433 16393
5 -24536
-23035 -31998
1864 210
1184 52
-24423 -26112
13056 1600
104 205
-32762 -32750
-32746 10
117 20
20560 592
976 -24503
9732 9113
20555 19203
339 20491
19203 5459
9924 -18304
-22367 -8960
2368 -32582
-12276 -26111
3138 464
1344 5120
-31744 720
19475 -32766
10 40
672 4224
720 336
1344 5120
-31232 4224
464 138
16433 526
7296 -32746
11540 1024
848 16499
10250 -16383
848 -23360
-6654 2688
10240 -13056
5120 -8192
6184 20640
-15869 -9004
-15773 -9004
1287 29349
-21881 -18222
2831 -8118
21304 -23016
-30568 28517
-32618 15144
-28075 19782
2353 154
16465 16395
10506 -8192
-10135 1070
24785 1720
12708 -11030
20608 22740
6007 19829
-7806 -32582
2744 30208
19242 1308
10752 173
5179 -4864
-31052 10286
-15104 6144
928 20
-32670 10
296 16433
16395 10246
16897 720
-23419 -20221
1600 296
-24512 27907
1024 336
2880 138
13 -24543
-24572 -32766
10 808
-14963 381
-30477 10280
2856 3466
5399 -31033
-23136 -5599
-21292 -28326
-14030 -18343
-23402 7503
12243 -12323
-21261 3484
-29868 27153
-11507 27510
-29418 -29804
24497 -3785
-983 9771
21389 -20947
-11866 14006
30206 -23916
5737 26986
12279 -8336
-20362 -14998
-25147 -24051
24557 -19814
-10392 -25960
5721 8613
5619 -10663
-15190 -20516
-13706 -6223
13431 -13867
9078 -11387
-19976 23898
-29819 -21456
26142 -14603
27261 24923
24266 21081
11955 24259
-26785 -23835
25569 -4546
11226 24709
255 7979
7650 -21695
4946 23110
30200 19926
29929 -21891
-13868 -20632
23208 26575
11887 3830
-16079 14799
-5715 -6454
-29421 13710
27867 -2675
-5970 -28950
12601 19910
23733 -18012
18703 -9537
24999 5801
-25053 29107
21044 27065
28518 -20767
-21386 28365
-18599 -28297
10900 18834
7879 -25419
-29268 -29918
18355 -21699
-26328 -24975
22897 -12952
2860 -13009
23890 5513
1513 21897
25512 -26260
-31206 -9850
27184 -28672
17178 16387
13444 6913
848 20504
-10680 -22715
3532 -13552
-10998 4649
19153 27480
9045 -30154
-27218 -28246
3117 20011
7394 525
3356 279
27073 6144
3305 -13518
13564 -26356
-9435 -14766
-29352 -16683
26357 19142
27157 7755
-19286 29063
18509 -24379
12806 -6445
3089 32657
-22154 -25784
-25067 -21226
-30636 4529
-442 -21979
9810 19139
-18221 8620
16405 -27083
-28262 8758
22113 19876
22920 -1686
-20088 17947
23733 -20286
4819 -18221
16569 -21669
-17807 -30837
-10456 24497
-6431 24718
9189 26203
-1706 -27306
-27453 -14990
-26545 18233
-23788 14748
-7096 23429
23213 11921
22821 -147
-17664 -23466
-8094 30805
27545 25422
4631 -19406
19438 25224
-8022 -23519
5707 -30335
1344 -18430
16403 23644
213 -23879
6624 -8030
5925 -13056
6400 1184
18637 -26101
2304 426
16435 13312
23680 208
-26534 26630
19713 6912
6248 -24467
5474 -25696
-24054 22161
2580 -15614
-11582 17449
-29320 23721
4277 -11727
-17992 12548
6069 16654
-29300 -7090
-29198 15301
-27509 25162
-23888 3200
4179 10450
12545 -15040
-32762 26626
13057 3392
-30682 12434
-32555 16851
-30175 18944
13830 640
104 1440
205 13367
-27648 23232
26880 -16222
26662 19492
6355 -32666
-12272 -31445
28673 31904
16577 2931
16538 13352
23564 6354
13541 15494
17178 -23010
25508 -24127
5005 28195
-25940 19510
-24455 -31061
105 17162
11449 21357
-9119 30107
-30131 26296
-31083 -22245
3008 0
3009 0
3010 0
3011 0
3012 0
3013 0
3014 0
3015 0
3016 0
3017 0
3018 0
3019 0
3020 0
3021 0
3022 0
3023 0
3024 0
3025 0
3026 0
3027 0
3028 0
3029 0
3030 0
3031 0
3032 0
3033 0
3034 0
3035 0
3036 0
3037 0
3038 0
3039 0
3040 0
3041 0
3042 0
3043 0
3044 0
3045 0
3046 0
3047 0
3048 0
3049 0
3050 0
3051 0
3052 0
3053 0
3054 0
3055 0
3056 0
3057 0
3058 0
3059 0
3060 0
3061 0
3062 0
3063 0
3064 0
3065 0
3066 0
3067 0
3068 0
3069 0
3070 0
3071 0
3072 0
3073 0
3074 0
3075 0
3076 0
3077 0
3078 0
3079 0
3080 0
3081 0
3082 0
3083 0
3084 0
3085 0
3086 0
3087 0
3088 0
3089 0
3090 0
3091 0
3092 0
3093 0
3094 0
3095 0
3096 0
3097 0
3098 0
3099 0
3100 0
3101 0
3102 0
3103 0
3104 0
3105 0
3106 0
3107 0
3108 0
3109 0
3110 0
3111 0
3112 0
3113 0
3114 0
3115 0
3116 0
3117 0
3118 0
3119 0
3120 0
3121 0
3122 0
3123 0
3124 0
3125 0
3126 0
3127 0
3128 0
3129 0
3130 0
3131 0
3132 0
3133 0
3134 0
3135 0
3136 0
3137 0
3138 0
3139 0
3140 0
3141 0
3142 0
3143 0
3144 0
3145 0
3146 0
3147 0
3148 0
3149 0
3150 0
3151 0
3152 0
3153 0
3154 0
3155 0
3156 0
3157 0
3158 0
3159 0
3160 0
3161 0
3162 0
3163 0
3164 0
3165 0
3166 0
3167 0
3168 0
3169 0
3170 0
3171 0
3172 0
3173 0
3174 0
3175 0
3176 0
3177 0
3178 0
3179 0
3180 0
3181 0
3182 0
3183 0
3184 0
3185 0
3186 0
3187 0
3188 0
3189 0
3190 0
3191 0
3192 0
3193 0
3194 0
3195 0
3196 0
3197 0
3198 0
3199 0
3200 0
3201 0
3202 0
3203 0
3204 0
3205 0
3206 0
3207 0
3208 0
3209 0
3210 0
3211 0
3212 0
3213 0
3214 0
3215 0
3216 0
3217 0
3218 0
3219 0
3220 0
3221 0
3222 0
3223 0
3224 0
3225 0
3226 0
3227 0
3228 0
3229 0
3230 0
3231 0
3232 0
3233 0
3234 0
3235 0
3236 0
3237 0
3238 0
3239 0
3240 0
3241 0
3242 0
3243 0
3244 0
3245 0
3246 0
3247 0
3248 0
3249 0
3250 0
3251 0
3252 0
3253 0
3254 0
3255 0
3256 0
3257 0
3258 0
3259 0
3260 0
3261 0
3262 0
3263 0
3264 0
3265 0
3266 0
3267 0
3268 0
3269 0
3270 0
3271 0
3272 0
3273 0
3274 0
3275 0
3276 0
3277 0
3278 0
3279 0
3280 0
3281 0
3282 0
3283 0
3284 0
3285 0
3286 0
3287 0
3288 0
3289 0
3290 0
3291 0
3292 0
3293 0
3294 0
3295 0
3296 0
3297 0
3298 0
3299 0
3300 0
3301 0
3302 0
3303 0
3304 0
3305 0
3306 0
3307 0
3308 0
3309 0
3310 0
3311 0
3312 0
3313 0
3314 0
3315 0
3316 0
3317 0
3318 0
3319 0
3320 0
3321 0
3322 0
3323 0
3324 0
3325 0
3326 0
3327 0
3328 0
3329 0
3330 0
3331 0
3332 0
3333 0
3334 0
3335 0
3336 0
3337 0
3338 0
3339 0
3340 0
3341 0
3342 0
3343 0
3344 0
3345 0
3346 0
3347 0
3348 0
3349 0
3350 0
3351 0
3352 0
3353 0
3354 0
3355 0
3356 0
3357 0
3358 0
3359 0
3360 0
3361 0
3362 0
3363 0
3364 0
3365 0
3366 0
3367 0
3368 0
3369 0
3370 0
3371 0
3372 0
3373 0
3374 0
3375 0
3376 0
3377 0
3378 0
3379 0
3380 0
3381 0
3382 0
3383 0
3384 0
3385 0
3386 0
3387 0
3388 0
3389 0
3390 0
3391 0
3392 0
3393 0
3394 0
3395 0
3396 0
3397 0
3398 0
3399 0
3400 0
3401 0
3402 0
3403 0
3404 0
3405 0
3406 0
3407 0
3408 0
3409 0
3410 0
3411 0
3412 0
3413 0
3414 0
3415 0
3416 0
3417 0
3418 0
3419 0
3420 0
3421 0
3422 0
3423 0
3424 0
3425 0
3426 0
3427 0
3428 0
3429 0
3430 0
3431 0
3432 0
3433 0
3434 0
3435 0
3436 0
3437 0
3438 0
3439 0
3440 0
3441 0
3442 0
3443 0
3444 0
3445 0
3446 0
3447 0
3448 0
3449 0
3450 0
3451 0
3452 0
3453 0
3454 0
3455 0
3456 0
3457 0
3458 0
3459 0
3460 0
3461 0
3462 0
3463 0
3464 0
3465 0
3466 0
3467 0
3468 0
3469 0
3470 0
3471 0
3472 0
3473 0
3474 0
3475 0
3476 0
3477 0
3478 0
3479 0
3480 0
3481 0
3482 0
3483 0
3484 0
3485 0
3486 0
3487 0
3488 0
3489 0
3490 0
3491 0
3492 0
3493 0
3494 0
3495 0
3496 0
3497 0
3498 0
3499 0
3500 0
3501 0
3502 0
3503 0
3504 0
3505 0
3506 0
3507 0
3508 0
3509 0
3510 0
3511 0
3512 0
3513 0
3514 0
3515 0
3516 0
3517 0
3518 0
3519 0
3520 0
3521 0
3522 0
3523 0
3524 0
3525 0
3526 0
3527 0
3528 0
3529 0
3530 0
3531 0
3532 0
3533 0
3534 0
3535 0
3536 0
3537 0
3538 0
3539 0
3540 0
3541 0
3542 0
3543 0
3544 0
3545 0
3546 0
3547 0
3548 0
3549 0
3550 0
3551 0
3552 0
3553 0
3554 0
3555 0
3556 0
3557 0
3558 0
3559 0
3560 0
3561 0
3562 0
3563 0
3564 0
3565 0
3566 0
3567 0
3568 0
3569 0
3570 0
3571 0
3572 0
3573 0
3574 0
3575 0
3576 0
3577 0
3578 0
3579 0
3580 0
3581 0
3582 0
3583 0
3584 0
3585 0
3586 0
3587 0
3588 0
3589 0
3590 0
3591 0
3592 0
3593 0
3594 0
3595 0
3596 0
3597 0
3598 0
3599 0
3600 0
3601 0
3602 0
3603 0
3604 0
3605 0
3606 0
3607 0
3608 0
3609 0
3610 0
3611 0
3612 0
3613 0
3614 0
3615 0
3616 0
3617 0
3618 0
3619 0
3620 0
3621 0
3622 0
3623 0
3624 0
3625 0
3626 0
3627 0
3628 0
3629 0
3630 0
3631 0
3632 0
3633 0
3634 0
3635 0
3636 0
3637 0
3638 0
3639 0
3640 0
3641 0
3642 0
3643 0
3644 0
3645 0
3646 0
3647 0
-2383 -24858
-30008 2907
-18311 -30872
2044 32394
15836 22929
23476 -4257
-968 17771
-7082 18618
-11058 30260
-25713 -12426
-21773 12883
-13708 18166
-12566 31969
28132 -16231
29956 23573
2263 -5412
-17821 -26743
-16357 10230
-29675 -17263
21860 -26184
24951 13659
-21444 -14980
7001 -22166
15462 -14348
7341 11948
14965 -18608
-12802 -13502
-24900 -30789
-6582 23444
-17306 14311
11434 -8272
10042 -14552
-5759 18011
4410 29223
18727 23779
24309 -21771
28230 32324
-12937 15091
30206 9322
3641 6967
-4418 -7409
-29373 -6974
-5194 -11460
17450 -18012
23017 17227
-19608 -7611
-19011 30549
-22196 285
-20250 18067
27825 26033
30067 -8668
-9889 -22561
-29583 30550
-9147 -1205
22169 11599
25495 -12809
18514 -27315
11906 -13348
-12504 -20778
4137 23257
-28295 -32167
-11593 -30027
28209 28645
-4683 12140
-1314 -13866
-13864 6817
30705 -6020
-3287 -24872
-13743 8907
22501 -21774
-26634 -27605
-12010 -9116
18521 17103
10539 -14902
10182 -7853
10845 -18683
28403 12059
26584 5400
22211 -5268
-21338 -20108
12074 -1060
-13643 -17959
15981 2285
13156 -4558
-29023 30405
22165 20892
-7156 17852
13354 31711
-4634 -20747
11192 -3172
-28527 -109
31488 -21005
13269 25134
22492 -25803
19073 -14267
32686 -21286
3484 -29804
12905 11189
29207 -10931
4099 25242
-26096 26880
2208 -32354
-15092 2353
-32590 -13549
-18005 6659
31802 17600
-21040 25682
-29224 -21599
22092 25635
19675 22788
32665 -23846
19648 18583
31711 -29814
-14075 17985
-21253 -20440
18158 22772
27716 -20376
-8948 -16050
17778 -410
-22250 23728
7091 -8266
-24166 17571
-7223 -22427
30568 8756
-3499 -4396
-7225 -17591
-31220 -8722
-27301 -24209
20138 25824
14024 1715
-15621 -29771
26674 -29303
25690 12596
-9047 -9720
12717 13585
-26032 27171
13412 -11468
-31816 23604
775 25160
976 133
45 -14266
23764 -27642
28839 -27103
-19398 17475
-19188 17514
12340 24493
15409 19107
-6445 10263
6867 29653
-13679 -11962
-6573 10263
-27182 5975
6953 15149
-7534 -23244
9042 17044
-4460 -24036
-24468 17465
16683 -24260
-32330 -30606
-32682 3557
1460 -14972
-20432 -23880
5091 23572
-14960 9728
296 18545
5123 -24576
338 1349
1290 5635
-31359 5664
4992 -31180
11143 -11726
12841 -8328
19317 -22971
6730 -23903
5331 -9546
28008 -13936
23085 -19935
13590 12962
19556 -26263
2993 -18093
18723 -8030
20 218
-21946 20752
3441 3124
74 16451
-19066 338
2740 16609
10332 12319
-24423 -32711
11216 16523
10332 -26600
1184 -26590
-30199 6150
17056 336
-32192 6016
1300 -32638
-27472 14470
26 1610
21048 29441
25416 -11628
-5375 -23992
26944 30220
22633 -29781
11418 4887
21627 -7282
-5995 22449
3364 25171
7086 22697
-31061 22633
11822 11498
3351 19181
-6461 -4864
-31931 920
7221 -13183
-28086 10165
-18174 12683
22987 -26056
5673 17746
-9556 21044
18220 -21579
26678 24985
7018 3881
21261 -28831
18957 3781
461 17265
2898 -14701
15211 18708
25160 19457
5383 681
18998 22689
23137 24929
21412 31760
180 -14700
-24536 1543
-20311 2908
24657 -32328
2984 -12914
28929 -6119
-30965 -615
20716 7191
-32742 5816
11936 27168
6230 -24042
11968 25322
-11592 1492
-26938 -15966
6513 -20312
11532 18516
-27690 -25859
28416 16537
22792 -32598
26690 -24576
-32510 5
26662 9728
5504 837
-18915 2968
-28490 -30199
21248 2624
8205 -30179
9824 16593
-12024 21163
7961 -29804
4672 -32670
-29404 297
-30167 -14704
27444 -16315
-23923 11866
15393 -22619
9328 -27064
24723 12683
-94 2560
-18732 11354
-11222 3725
9493 -24575
22851 -28502
26124 2720
-17426 -32614
-21732 22092
-24036 22672
13726 20900
5152 -7936
25416 8581
133 20
234 16465
-24575 9732
6272 212
19651 13574
-14848 565
25956 4200
592 138
16433 526
7296 773
2580 14342
592 720
976 -28522
5135 -7936
2880 -14528
12624 -28478
10762 23104
10240 28929
2112 69
20 -32634
-32750 10
74 21571
6658 9568
6400 1184
1184 -32730
-12272 -23007
3201 106
19523 -24572
13316 -31232
4736 2688
10240 -24576
-13051 0
720 -32538
26626 13057
2368 1344
5120 -27648
-26368 25248
16403 9741
4224 2458
13331 10248
-24576 5125
-5632 -31482
3348 526
5760 2688
3328 9472
8448 17312
4200 148
-32634 -32750
16387 13325
-29440 1612
24602 -30156
13316 24714
-30160 6754
360 16433
10246 -15104
3376 180
-23019 5378
1184 15301
6290 -8030
26885 25436
17777 18112
24666 -30156
6240 29095
-30199 558
16401 16393
17672 4144
138 -24568
5123 25088
6016 20
-23368 16385
10246 8704
6784 12869
-30144 18944
5216 20480
16385 5
20 13510
-31488 424
-22139 27016
106 26946
17112 16403
19720 3408
52 10
16465 5134
20748 1864
1162 20
-32684 -32666
-32750 10
26690 -13056
5120 20480
16385 5
20 336
12372 672
2177 360
6248 -24423
19776 2376
154 26946
984 22580
11524 852
-24503 -27898
840 52
-26462 21263
3904 -23546
18672 2
18721 2
18770 2
18819 2
18868 2
18917 2
18966 2
19015 2
19064 2
19113 2
19162 2
19211 2
19260 2
19309 2
19358 2
19407 2
19456 2
19505 2
19554 2
19603 2
19652 2
19701 2
19750 2
19799 2
19848 2
19897 2
19946 2
19995 2
20044 2
20093 2
20142 2
20191 2
20240 2
20289 2
20338 2
20387 2
20436 2
20485 2
20534 2
20583 2
20632 2
20681 2
20730 2
20779 2
20828 2
20877 2
20926 2
20975 2
21024 2
21073 2
21122 2
21171 2
21220 2
21269 2
21318 2
21367 2
21416 2
21465 2
21514 2
21563 2
21612 2
21661 2
21808 2
21857 2
21906 2
21955 2
22004 2
22053 2
22102 2
22151 2
22200 2
22249 2
22298 2
22347 2
22396 2
22445 2
22494 2
22543 2
22592 2
22641 2
22690 2
22739 2
22788 2
22837 2
22886 2
22935 2
22984 2
23033 2
23082 2
23131 2
23180 2
23229 2
23278 2
23327 2
23376 2
23425 2
23474 2
23523 2
23572 2
23621 2
23670 2
23719 2
23768 2
23817 2
23866 2
23915 2
23964 2
24013 2
24062 2
24111 2
24160 2
24209 2
24258 2
24307 2
24356 2
24405 2
24454 2
24503 2
24552 2
24601 2
24650 2
24699 2
24748 2
24797 2
24944 2
24993 2
25042 2
25091 2
25140 2
25189 2
25238 2
25287 2
25336 2
25385 2
25434 2
25483 2
25532 2
25581 2
25630 2
25679 2
25728 2
25777 2
25826 2
25875 2
25924 2
25973 2
26022 2
26071 2
26120 2
26169 2
26218 2
26267 2
26316 2
26365 2
26414 2
26463 2
26512 2
26561 2
26610 2
26659 2
26708 2
26757 2
26806 2
26855 2
26904 2
26953 2
27002 2
27051 2
27100 2
27149 2
27198 2
27247 2
27296 2
27345 2
27394 2
27443 2
27492 2
27541 2
27590 2
27639 2
27688 2
27737 2
27786 2
27835 2
27884 2
27933 2
28080 2
28129 2
28178 2
28227 2
28276 2
28325 2
28374 2
28423 2
28472 2
28521 2
28570 2
28619 2
28668 2
28717 2
28766 2
28815 2
28864 2
28913 2
28962 2
29011 2
29060 2
29109 2
29158 2
29207 2
29256 2
29305 2
29354 2
29403 2
29452 2
29501 2
29550 2
29599 2
29648 2
29697 2
29746 2
29795 2
29844 2
29893 2
29942 2
29991 2
30040 2
30089 2
30138 2
30187 2
30236 2
30285 2
30334 2
30383 2
30432 2
30481 2
30530 2
30579 2
30628 2
30677 2
30726 2
30775 2
30824 2
30873 2
30922 2
30971 2
31020 2
31069 2
31216 2
31265 2
31314 2
31363 2
31412 2
31461 2
31510 2
31559 2
31608 2
31657 2
31706 2
31755 2
31804 2
31853 2
31902 2
31951 2
32000 2
32049 2
32098 2
32147 2
32196 2
32245 2
32294 2
32343 2
32392 2
32441 2
32490 2
32539 2
32588 2
32637 2
32686 2
32735 2
-32752 2
-32703 2
-32654 2
-32605 2
-32556 2
-32507 2
-32458 2
-32409 2
-32360 2
-32311 2
-32262 2
-32213 2
-32164 2
-32115 2
-32066 2
-32017 2
-31968 2
-31919 2
-31870 2
-31821 2
-31772 2
-31723 2
-31674 2
-31625 2
-31576 2
-31527 2
-31478 2
-31429 2
-31380 2
-31331 2
-31184 2
-31135 2
-31086 2
-31037 2
-30988 2
-30939 2
-30890 2
-30841 2
-30792 2
-30743 2
-30694 2
-30645 2
-30596 2
-30547 2
-30498 2
-30449 2
-30400 2
-30351 2
-30302 2
-30253 2
-30204 2
-30155 2
-30106 2
-30057 2
-30008 2
-29959 2
-29910 2
-29861 2
-29812 2
-29763 2
-29714 2
-29665 2
-29616 2
-29567 2
-29518 2
-29469 2
-29420 2
-29371 2
-29322 2
-29273 2
-29224 2
-29175 2
-29126 2
-29077 2
-29028 2
-28979 2
-28930 2
-28881 2
-28832 2
-28783 2
-28734 2
-28685 2
-28636 2
-28587 2
-28538 2
-28489 2
-28440 2
-28391 2
-28342 2
-28293 2
-28244 2
-28195 2
-28048 2
-27999 2
-27950 2
-27901 2
-27852 2
-27803 2
-27754 2
-27705 2
-27656 2
-27607 2
-27558 2
-27509 2
-27460 2
-27411 2
-27362 2
-27313 2
-27264 2
-27215 2
-27166 2
-27117 2
-27068 2
-27019 2
-26970 2
-26921 2
-26872 2
-26823 2
-26774 2
-26725 2
-26676 2
-26627 2
-26578 2
-26529 2
-26480 2
-26431 2
-26382 2
-26333 2
-26284 2
-26235 2
-26186 2
-26137 2
-26088 2
-26039 2
-25990 2
-25941 2
-25892 2
-25843 2
-25794 2
-25745 2
-25696 2
-25647 2
-25598 2
-25549 2
-25500 2
-25451 2
-25402 2
-25353 2
-25304 2
-25255 2
-25206 2
-25157 2
-25108 2
-25059 2
-24912 2
-24863 2
-24814 2
-24765 2
-24716 2
-24667 2
-24618 2
-24569 2
-24520 2
-24471 2
-24422 2
-24373 2
-24324 2
-24275 2
-24226 2
-24177 2
-24128 2
-24079 2
-24030 2
-23981 2
-23932 2
-23883 2
-23834 2
-23785 2
-23736 2
-23687 2
-23638 2
-23589 2
-23540 2
-23491 2
-23442 2
-23393 2
-23344 2
-23295 2
-23246 2
-23197 2
-23148 2
-23099 2
-23050 2
-23001 2
-22952 2
-22903 2
-22854 2
-22805 2
-22756 2
-22707 2
-22658 2
-22609 2
-22560 2
-22511 2
-22462 2
-22413 2
-22364 2
-22315 2
-22266 2
-22217 2
-22168 2
-22119 2
-22070 2
-22021 2
-21972 2
-21923 2
-6968 23848
31193 -27251
20049 9975
29893 -13433
-26257 -25750
-30438 -10886
-389 -25771
18484 -32036
22628 -6569
11260 25102
29423 -9941
-7658 12063
11112 19951
24140 13005
-31211 -21971
411 -23037
26950 -21062
21389 -19128
30995 30591
27279 -5427
-27288 -28277
-17847 -26719
-9614 -21411
-3285 -22412
11880 -5273
-18895 28321
-10782 29313
3590 236
-7318 5793
-4061 -26936
-3009 -31637
-12039 -387
-25402 22680
-16687 23989
23470 -21775
-30332 -22378
-20508 -14538
5171 -4758
27779 -27931
-27575 28062
-21803 25907
-4456 13778
-8880 19135
12953 27298
-10263 -13430
23485 255
23725 9109
-23949 13842
-9363 -1678
-9329 -10537
-23111 -12127
31621 26311
-16531 21620
-7718 21196
-17734 -19719
-17195 -9175
19593 -11066
1845 -32007
29749 -28346
10959 17318
19164 31199
-6193 4445
29606 -24118
27145 -14634
25198 -22010
15537 -31805
-19372 -14028
22034 -31142
5261 12683
22237 1646
17802 -20824
-1065 -25643
26790 23206
-4210 -21763
-11319 19501
23960 -17836
-3227 10122
-6999 14367
15087 8343
-31239 21011
-4432 -13253
16544 22633
4215 24586
-28610 -23416
18485 -22196
-21215 -25711
19481 19532
85 53
-26064 10240
21505 -20398
-13041 3115
-19078 3627
-26140 -20311
15086 -31174
-13516 15976
-31142 -18229
21228 -15432
5989 -31211
13364 -32300
9890 -21577
8530 -29244
-21856 3047
26636 -18070
-6711 26658
255 -21543
9554 -32316
-22122 -30904
-23023 -21352
-5594 374
-22363 -31221
2920 -14701
22890 -15236
-11072 -18384
-27411 3187
18574 -27542
-14974 -18569
-4610 25690
-31400 -21599
22092 26658
-21926 13540
-31199 -13923
17256 5909
3083 -11983
22641 21258
22712 23137
-31317 -28282
-14011 -31568
-18093 6198
19915 22577
-21108 25178
-31312 -9111
20894 29708
14684 -9912
-20886 -31667
21957 25029
16433 6316
-15198 12760
-15803 -30015
24641 12454
160 12496
973 1034
11048 -14528
-16640 -22818
-32766 14261
8729 -19038
22089 -7139
8621 25560
-18493 -23147
-20368 -21043
29269 13676
-22378 12438
25738 12340
15277 12680
-15291 -23016
-30207 16896
-18392 -14972
23 12741
19800 1460
-9340 -32704
12461 -15848
7040 25226
10498 -15744
-32727 18643
16449 13325
21760 -24576
466 40
3124 40
205 37
3092 90
8197 20500
-32765 12708
104 1952
18563 5125
-14952 -24314
5792 -32126
-32383 672
6016 22580
-21662 24913
1938 7593
-12859 -9183
22090 -11263
-24488 -16364
-24464 18785
-24448 13524
13393 13331
-3475 18900
17690 -12134
-932 31423
29104 21047
28188 30619
-30005 5531
17777 26327
24741 25273
-23237 5886
25253 14766
18084 -25745
32671 22090
-15331 12066
29408 -21891
18972 1510
-26983 -15195
12151 12869
26037 24010
19401 -6830
-14819 23063
8492 -5499
940 -21927
27008 -28256
21272 -31487
-9665 1184
-8406 19139
4323 -24058
8672 20189
2784 17837
-27200 -29866
-15483 23572
1582 2177
77 -26060
16896 -30615
1610 -24551
13568 18432
13 -22743
3425 24741
17162 -11504
-15856 -32727
-32634 -26606
8686 1300
9924 2187
-2995 748
-27399 11864
-25297 -32187
31202 -21324
3863 -29898
-14075 -27644
11864 -22523
23728 20995
-4432 6716
3739 -32285
17056 20688
-11388 12048
-22050 19552
-13561 -11107
5258 -5586
6144 45
10308 16386
23166 8512
52 -22143
8705 8885
22153 8592
20672 -17584
105 26811
-16127 105
180 -12052
-31230 1952
16387 -12859
7427 16538
5160 -18432
1440 672
4224 976
20504 6147
848 -23032
23043 7040
1178 -32766
1308 14336
45 5160
30220 40
672 5248
336 3648
8397 6684
5248 848
168 1952
16387 21262
-24248 -12096
-11262 20608
16385 -24575
-12288 6658
18944 10240
-15104 13312
208 22597
-24563 -30208
18944 10240
10241 3329
-29692 -16332
-24471 -26106
26880 1184
1184 1184
-32730 -32750
10 -12196
26114 3200
464 154
-11187 19468
18640 -24554
-31687 461
6604 17056
-32666 -32750
10 26704
-24576 -32766
20500 -31485
5635 -29823
1178 26662
11520 -16320
181 -19148
1280 4264
-12156 10273
-13056 9728
360 20535
28162 1184
-22490 4930
3392 -32730
-12272 28931
844 109
27963 9728
40 1184
52 -32378
-24563 8708
2200 360
16433 10502
-27264 4930
8213 -23016
17664 8448
90 21324
2561 28881
-30192 558
-29854 3464
279 40
16437 -32714
10 13
26662 2305
25255 9796
139 7507
-25920 -7678
-24554 19267
592 -23018
-31455 424
-10844 -15355
-32730 -26096
4617 4736
-30079 5
-23016 -30207
18944 16896
360 16499
3338 14336
17178 -11252
-23424 -20269
-12924 22
5837 29441
-32699 1321
-32574 -26184
24999 13441
1624 19603
13315 -31488
424 20491
5634 8614
-24567 -13052
2592 20736
1600 296
16433 16395
12293 10
-12264 2307
928 52
-32666 -11764
-13056 0
467 -32574
-28650 3338
1280 424
20483 -6654
5248 26
-12196 -13535
3648 -18723
-14448 22281
-22024 -8192
21227 -4606
1696 26696
-26367 1440
20 -32414
5248 18628
-23530 -30108
14004 4923
22178 -21652
-31470 10409
23152 28672
1626 23080
23808 180
10450 14082
52 -12246
-3837 1864
28067 2464
-24575 263
1352 8645
1418 14848
6784 69
10286 12545
2880 138
-12234 5378
928 109
23072 23552
336 138
20572 25090
4992 20
20612 25090
5760 4992
20 27291
9860 24794
5153 25472
848 16499
26124 1188
-10964 6466
154 26077
14682 -7032
-19456 -30791
15818 19277
-20381 -24272
769 -24566
-13544 -31168
-24340 -22015
9097 27195
6060 7440
30399 -27765
-1183 21431
-1608 -26042
-2436 8459
6831 -2231
-3159 -13677
18210 -3867
-17996 25223
5461 -20445
27104 -15858
-23570 -19648
22052 15268
25238 -21651
15186 -17523
-2819 -30164
14303 11370
9751 22481
8189 -4890
-1415 -6960
13335 -10180
29719 -27493
30048 -22282
27761 24878
-9621 10994
28921 -834
7671 -21973
2957 -10852
22570 -6684
27067 11547
-29602 -22423
-29021 18085
-10552 -12947
-13739 14671
-9614 -26059
17989 15815
22643 9934
-28207 -5679
5978 13971
-9731 29828
8949 26040
-23005 -16890
-13918 27499
8690 -5832
22761 31023
-3173 -2535
32659 -20061
-16747 -7050
-11818 -25727
-12399 -18454
-10420 -30706
255 -19153
21366 -13431
-26311 9133
30079 -16753
11058 885
12551 -21829
19372 -17823
-30307 26296
-15446 26296
-15706 28344
-15454 3558
-17932 -13305
-25809 -9909
-25457 10129
-4241 29778
21451 -29145
-21787 12829
-13868 -4394
-16223 12965
-17804 -4257
20054 -30202
-31419 23449
-21768 2652
7911 21682
5560 19660
22927 5816
19622 27161
19228 594
-4908 13858
-28506 22169
-1723 21675
-14746 -26398
-27240 1088
20523 18947
208 -28650
21519 29093
-21358 21293
13004 3409
12367 12268
19349 -21608
21518 25513
11601 -27194
10651 -1247
3113 23152
-20470 -27411
5868 11791
29328 26764
-9047 -23716
5132 12014
-29359 21615
10148 -17390
-29770 -23468
-30397 19278
23126 19665
-23859 -15429
-12802 -23448
9027 -26008
22188 11540
24833 21225
8897 27232
-24039 -13756
3520 0
3521 0
3522 0
3523 0
3524 0
3525 0
3526 0
3527 0
3528 0
3529 0
3530 0
3531 0
3532 0
3533 0
3534 0
3535 0
3536 0
3537 0
3538 0
3539 0
3540 0
3541 0
3542 0
3543 0
3544 0
3545 0
3546 0
3547 0
3548 0
3549 0
3550 0
3551 0
3552 0
3553 0
3554 0
3555 0
3556 0
3557 0
3558 0
3559 0
3560 0
3561 0
3562 0
3563 0
3564 0
3565 0
3566 0
3567 0
3568 0
3569 0
3570 0
3571 0
3572 0
3573 0
3574 0
3575 0
3576 0
3577 0
3578 0
3579 0
3580 0
3581 0
3582 0
3583 0
3584 0
3585 0
3586 0
3587 0
3588 0
3589 0
3590 0
3591 0
3592 0
3593 0
3594 0
3595 0
3596 0
3597 0
3598 0
3599 0
3600 0
3601 0
3602 0
3603 0
3604 0
3605 0
3606 0
3607 0
3608 0
3609 0
3610 0
3611 0
3612 0
3613 0
3614 0
3615 0
3616 0
3617 0
3618 0
3619 0
3620 0
3621 0
3622 0
3623 0
3624 0
3625 0
3626 0
3627 0
3628 0
3629 0
3630 0
3631 0
3632 0
3633 0
3634 0
3635 0
3636 0
3637 0
3638 0
3639 0
3640 0
3641 0
3642 0
3643 0
3644 0
3645 0
3646 0
3647 0
3648 0
3649 0
3650 0
3651 0
3652 0
3653 0
3654 0
3655 0
3656 0
3657 0
3658 0
3659 0
3660 0
3661 0
3662 0
3663 0
3664 0
3665 0
3666 0
3667 0
3668 0
3669 0
3670 0
3671 0
3672 0
3673 0
3674 0
3675 0
3676 0
3677 0
3678 0
3679 0
3680 0
3681 0
3682 0
3683 0
3684 0
3685 0
3686 0
3687 0
3688 0
3689 0
3690 0
3691 0
3692 0
3693 0
3694 0
3695 0
3696 0
3697 0
3698 0
3699 0
3700 0
3701 0
3702 0
3703 0
3704 0
3705 0
3706 0
3707 0
3708 0
3709 0
3710 0
3711 0
3712 0
3713 0
3714 0
3715 0
3716 0
3717 0
3718 0
3719 0
3720 0
3721 0
3722 0
3723 0
3724 0
3725 0
3726 0
3727 0
3728 0
3729 0
3730 0
3731 0
3732 0
3733 0
3734 0
3735 0
3736 0
3737 0
3738 0
3739 0
3740 0
3741 0
3742 0
3743 0
3744 0
3745 0
3746 0
3747 0
3748 0
3749 0
3750 0
3751 0
3752 0
3753 0
3754 0
3755 0
3756 0
3757 0
3758 0
3759 0
3760 0
3761 0
3762 0
3763 0
3764 0
3765 0
3766 0
3767 0
3768 0
3769 0
3770 0
3771 0
3772 0
3773 0
3774 0
3775 0
3776 0
3777 0
3778 0
3779 0
3780 0
3781 0
3782 0
3783 0
3784 0
3785 0
3786 0
3787 0
3788 0
3789 0
3790 0
3791 0
3792 0
3793 0
3794 0
3795 0
3796 0
3797 0
3798 0
3799 0
3800 0
3801 0
3802 0
3803 0
3804 0
3805 0
3806 0
3807 0
3808 0
3809 0
3810 0
3811 0
3812 0
3813 0
3814 0
3815 0
3816 0
3817 0
3818 0
3819 0
3820 0
3821 0
3822 0
3823 0
3824 0
3825 0
3826 0
3827 0
3828 0
3829 0
3830 0
3831 0
3832 0
3833 0
3834 0
3835 0
3836 0
3837 0
3838 0
3839 0
3840 0
3841 0
3842 0
3843 0
3844 0
3845 0
3846 0
3847 0
3848 0
3849 0
3850 0
3851 0
3852 0
3853 0
3854 0
3855 0
3856 0
3857 0
3858 0
3859 0
3860 0
3861 0
3862 0
3863 0
3864 0
3865 0
3866 0
3867 0
3868 0
3869 0
3870 0
3871 0
3872 0
3873 0
3874 0
3875 0
3876 0
3877 0
3878 0
3879 0
3880 0
3881 0
3882 0
3883 0
3884 0
3885 0
3886 0
3887 0
3888 0
3889 0
3890 0
3891 0
3892 0
3893 0
3894 0
3895 0
3896 0
3897 0
3898 0
3899 0
3900 0
3901 0
3902 0
3903 0
3904 0
3905 0
3906 0
3907 0
3908 0
3909 0
3910 0
3911 0
3912 0
3913 0
3914 0
3915 0
3916 0
3917 0
3918 0
3919 0
3920 0
3921 0
3922 0
3923 0
3924 0
3925 0
3926 0
3927 0
3928 0
3929 0
3930 0
3931 0
3932 0
3933 0
3934 0
3935 0
3936 0
3937 0
3938 0
3939 0
3940 0
3941 0
3942 0
3943 0
3944 0
3945 0
3946 0
3947 0
3948 0
3949 0
3950 0
3951 0
3952 0
3953 0
3954 0
3955 0
3956 0
3957 0
3958 0
3959 0
3960 0
3961 0
3962 0
3963 0
3964 0
3965 0
3966 0
3967 0
3968 0
3969 0
3970 0
3971 0
3972 0
3973 0
3974 0
3975 0
3976 0
3977 0
3978 0
3979 0
3980 0
3981 0
3982 0
3983 0
3984 0
3985 0
3986 0
3987 0
3988 0
3989 0
3990 0
3991 0
3992 0
3993 0
3994 0
3995 0
3996 0
3997 0
3998 0
3999 0
4000 0
4001 0
4002 0
4003 0
4004 0
4005 0
4006 0
4007 0
4008 0
4009 0
4010 0
4011 0
4012 0
4013 0
4014 0
4015 0
4016 0
4017 0
4018 0
4019 0
4020 0
4021 0
4022 0
4023 0
4024 0
4025 0
4026 0
4027 0
4028 0
4029 0
4030 0
4031 0
4032 0
4033 0
4034 0
4035 0
4036 0
4037 0
4038 0
4039 0
4040 0
4041 0
4042 0
4043 0
4044 0
4045 0
4046 0
4047 0
4048 0
4049 0
4050 0
4051 0
4052 0
4053 0
4054 0
4055 0
4056 0
4057 0
4058 0
4059 0
4060 0
4061 0
4062 0
4063 0
4064 0
4065 0
4066 0
4067 0
4068 0
4069 0
4070 0
4071 0
4072 0
4073 0
4074 0
4075 0
4076 0
4077 0
4078 0
4079 0
4080 0
4081 0
4082 0
4083 0
4084 0
4085 0
4086 0
4087 0
4088 0
4089 0
4090 0
4091 0
4092 0
4093 0
4094 0
4095 0
19456 720
26 -12212
16385 16395
16395 16393
-24576 -24571
-13052 6400
928 -24464
-19200 278
20747 3424
22740 6775
-29862 -15355
21965 1412
-20312 11533
2112 -32678
-11251 14088
336 -32582
-11251 5632
1184 16429
-26103 10336
52 -24391
13315 26112
4224 154
16435 -26103
10240 -24576
13316 23048
27904 771
3392 8614
13 -24543
9732 2456
24730 -32762
16906 24586
-24552 -15100
11776 296
13 -21967
13444 467
-32090 4934
1612 -24399
19299 18512
-10798 13376
181 27169
2816 592
-22426 -24572
-9467 -15040
16859 -20191
360 23112
18944 16896
360 -12124
23040 4992
-16332 -24567
-8956 -4544
-24551 6958
2984 -17783
-18304 -32410
-17909 4992
52 -22341
14081 15184
-5498 -7678
16403 26630
-23295 4264
-22395 11520
1100 16605
26886 264
1440 22548
-6558 139
-22855 14113
592 18451
-26015 16896
7528 -32574
20664 -24544
-24572 -24571
-32766 5143
-27648 20480
-30206 10240
10497 20480
-7678 6016
27339 13824
11189 -8064
-18392 5134
16988 -23931
19680 21131
-3023 11654
3075 848
-24448 -30208
19456 -18350
21775 29093
10898 23636
-15773 -17966
-30140 6440
-30174 9360
16465 20751
1864 16394
-24536 -11168
4865 173
-15806 -7510
-15069 535
23876 23764
9558 16395
526 -24156
20672 -15869
976 168
160 720
592 -32538
23834 104
16605 11533
4416 20531
28162 928
20603 -4606
52 13422
-17664 -1061
180 30115
15104 20
-32670 -12272
4866 2112
-22438 27716
212 16595
5 -22219
-15744 296
26757 -15856
808 30117
6568 -10663
-30591 -21583
-5507 9225
-16618 -13777
1492 -26232
30745 2208
27097 -30328
20613 5017
25114 13347
9161 28517
-22815 -24317
-17907 -13416
-29394 15287
-8370 933
-28373 21235
32292 -24471
23066 -18048
31540 -30081
-18304 26102
6910 17926
-32674 26147
-30038 19490
-17713 22715
4087 -20766
-16248 21186
17585 14174
-25191 -19755
-28799 11956
-5459 -2579
-24154 29537
12180 -3226
31543 -28202
-27255 5193
29901 6213
54 19920
-12859 21054
5267 17205
-1664 -7976
15573 -6269
-11508 6117
-27344 86
24997 -30199
171 -2529
16490 25864
-13573 6783
23040 -9055
-20440 10332
3045 7301
-9052 6184
-23400 13360
19464 24785
-24136 29353
-7026 9611
16686 2803
27174 19591
12965 -26043
-9817 10522
-21358 12021
10757 -5756
20593 26848
22694 -5559
19001 -3656
19313 -21612
5006 -23186
16074 -5279
20269 29480
-14573 -9674
-29290 11283
29125 -5379
-23859 11667
8903 25525
27428 21874
5685 -14051
21012 22449
5662 3723
-18717 976
-12158 26673
-24576 -32766
-12276 4866
576 -13368
27127 -7424
32571 -27270
25472 -11192
8940 13334
14060 6854
12612 -19028
19784 -17904
-23851 8794
-21915 19788
-19951 -22827
8515 21603
-21471 -32407
-26093 -30540
3001 -19430
-18039 -10997
24840 -14028
-17893 -31336
16399 3855
17217 11715
2888 -1294
3026 23054
5678 23077
-15012 27480
-13231 6934
-7602 -29520
-9175 9046
-22683 -20368
-19246 19950
-9848 -20950
4395 -22636
22641 -19379
11182 -29184
-15715 -17213
31898 -13631
-11962 -6573
-27609 -28019
-28518 18588
11165 -13244
8666 -21915
14009 17690
-30460 11340
10286 2571
773 10
4136 336
2368 650
-29983 7510
-23867 28865
-761 17066
699 -529
746 21996
-359 4020
24472 -17095
-31319 -3131
-1893 -28522
3164 -8568
-15660 25828
30079 -31574
-24552 18499
2986 -30199
-20471 -29818
-31611 -29918
24979 -23288
-20368 -18990
5463 25732
-7518 21016
-15203 -23244
-30661 -19134
343 27045
-8960 180
-25246 2752
28881 27923
5152 10
10320 -2792
-4257 12624
16490 10320
-24576 -30111
6208 13476
2616 17219
-23424 28977
16961 210
672 -15720
6016 8213
10542 10252
5216 1496
2592 10240
-15104 4099
466 2856
-30197 -15870
-12118 7190
6696 -27549
25297 7891
21165 -11056
21129 -12982
-11836 -25272
-22490 11632
-25016 -5319
567 -29740
14089 22011
6669 19494
29979 17731
16801 6569
-30166 -27759
-11230 -30286
27349 -13992
-24490 -30108
-30028 1310
-29919 138
10818 17024
41 20163
2755 19756
27268 4439
11539 25178
25890 -26458
-26232 -11926
18467 8614
-32634 -26096
3249 16483
-17911 3200
720 -22762
3169 20013
5058 22069
2817 -20397
13190 8528
-22139 17032
-30358 19738
278 22708
-11008 2560
28993 -11584
23728 13397
19590 -23530
-4766 24997
1697 22250
4653 -4666
-12206 11987
10053 20683
18641 30867
-20311 -8763
-16310 25896
24741 22018
-32611 -21149
6448 138
12329 -30940
25327 10387
6845 27862
-16206 -27046
-11215 29196
2698 5660
-31344 16427
5120 -19456
-23040 -32639
160 8528
360 180
26 16451
16393 26632
10241 -15104
5120 20480
-7678 3200
-18350 17672
1536 1704
53 -29391
17920 -32678
26624 -16383
592 -24555
-26616 8272
16800 2624
40 16605
-8763 3648
16399 3854
17473 -2902
-25216 -27814
-2792 12340
3356 2888
1344 8448
1184 161
19597 -26106
4256 976
77 6691
25344 2330
-14824 6784
12365 19738
1024 976
-24503 9732
7040 24730
-23527 13089
1600 6248
-32410 26630
-27632 20480
26624 -23039
2688 10240
-13056 6400
928 52
-32666 -19184
8448 24682
27169 26880
30314 14081
24657 -11251
236 -29862
5632 -15710
-17893 139
-22395 -15339
16605 19804
-4908 5911
22580 6446
-16222 -24039
6592 -15454
29971 278
17779 6532
-16222 -23527
-26111 10240
29441 1600
360 104
672 4224
154 90
109 37
3092 20572
21250 -26608
1184 16603
-18935 3456
180 -24467
-9467 17228
19569 -15099
13312 138
90 -30876
-12182 15876
20581 -27002
166 -26278
18723 1190
26988 25480
8528 -22775
-29343 -16222
10542 -24192
360 -27446
-4096 148
-32378 26632
-11752 2260
27241 26880
106 27241
16896 -32663
-29850 -31744
720 -24466
29955 3074
720 16403
26630 -8960
24908 -32582
-19184 8448
106 20535
-8928 2112
-32678 13331
26112 4992
-21776 2
-21727 2
-21678 2
-21629 2
-21580 2
-21531 2
-21482 2
-21433 2
-21384 2
-21335 2
-21286 2
-21237 2
-21188 2
-21139 2
-21090 2
-21041 2
-20992 2
-20943 2
-20894 2
-20845 2
-20796 2
-20747 2
-20698 2
-20649 2
-20600 2
-20551 2
-20502 2
-20453 2
-20404 2
-20355 2
-20306 2
-20257 2
-20208 2
-20159 2
-20110 2
-20061 2
-20012 2
-19963 2
-19914 2
-19865 2
-19816 2
-19767 2
-19718 2
-19669 2
-19620 2
-19571 2
-19522 2
-19473 2
-19424 2
-19375 2
-19326 2
-19277 2
-19228 2
-19179 2
-19130 2
-19081 2
-19032 2
-18983 2
-18934 2
-18885 2
-18836 2
-18787 2
-18640 2
-18591 2
-18542 2
-18493 2
-18444 2
-18395 2
-18346 2
-18297 2
-18248 2
-18199 2
-18150 2
-18101 2
-18052 2
-18003 2
-17954 2
-17905 2
-17856 2
-17807 2
-17758 2
-17709 2
-17660 2
-17611 2
-17562 2
-17513 2
-17464 2
-17415 2
-17366 2
-17317 2
-17268 2
-17219 2
-17170 2
-17121 2
-17072 2
-17023 2
-16974 2
-16925 2
-16876 2
-16827 2
-16778 2
-16729 2
-16680 2
-16631 2
-16582 2
-16533 2
-16484 2
-16435 2
-16386 2
-16337 2
-16288 2
-16239 2
-16190 2
-16141 2
-16092 2
-16043 2
-15994 2
-15945 2
-15896 2
-15847 2
-15798 2
-15749 2
-15700 2
-15651 2
-15504 2
-15455 2
-15406 2
-15357 2
-15308 2
-15259 2
-15210 2
-15161 2
-15112 2
-15063 2
-15014 2
-14965 2
-14916 2
-14867 2
-14818 2
-14769 2
-14720 2
-14671 2
-14622 2
-14573 2
-14524 2
-14475 2
-14426 2
-14377 2
-14328 2
-14279 2
-14230 2
-14181 2
-14132 2
-14083 2
-14034 2
-13985 2
-13936 2
-13887 2
-13838 2
-13789 2
-13740 2
-13691 2
-13642 2
-13593 2
-13544 2
-13495 2
-13446 2
-13397 2
-13348 2
-13299 2
-13250 2
-13201 2
-13152 2
-13103 2
-13054 2
-13005 2
-12956 2
-12907 2
-12858 2
-12809 2
-12760 2
-12711 2
-12662 2
-12613 2
-12564 2
-12515 2
-12368 2
-12319 2
-12270 2
-12221 2
-12172 2
-12123 2
-12074 2
-12025 2
-11976 2
-11927 2
-11878 2
-11829 2
-11780 2
-11731 2
-11682 2
-11633 2
-11584 2
-11535 2
-11486 2
-11437 2
-11388 2
-11339 2
-11290 2
-11241 2
-11192 2
-11143 2
-11094 2
-11045 2
-10996 2
-10947 2
-10898 2
-10849 2
-10800 2
-10751 2
-10702 2
-10653 2
-10604 2
-10555 2
-10506 2
-10457 2
-10408 2
-10359 2
-10310 2
-10261 2
-10212 2
-10163 2
-10114 2
-10065 2
-10016 2
-9967 2
-9918 2
-9869 2
-9820 2
-9771 2
-9722 2
-9673 2
-9624 2
-9575 2
-9526 2
-9477 2
-9428 2
-9379 2
-9232 2
-9183 2
-9134 2
-9085 2
-9036 2
-8987 2
-8938 2
-8889 2
-8840 2
-8791 2
-8742 2
-8693 2
-8644 2
-8595 2
-8546 2
-8497 2
-8448 2
-8399 2
-8350 2
-8301 2
-8252 2
-8203 2
-8154 2
-8105 2
-8056 2
-8007 2
-7958 2
-7909 2
-7860 2
-7811 2
-7762 2
-7713 2
-7664 2
-7615 2
-7566 2
-7517 2
-7468 2
-7419 2
-7370 2
-7321 2
-7272 2
-7223 2
-7174 2
-7125 2
-7076 2
-7027 2
-6978 2
-6929 2
-6880 2
-6831 2
-6782 2
-6733 2
-6684 2
-6635 2
-6586 2
-6537 2
-6488 2
-6439 2
-6390 2
-6341 2
-6292 2
-6243 2
-6096 2
-6047 2
-5998 2
-5949 2
-5900 2
-5851 2
-5802 2
-5753 2
-5704 2
-5655 2
-5606 2
-5557 2
-5508 2
-5459 2
-5410 2
-5361 2
-5312 2
-5263 2
-5214 2
-5165 2
-5116 2
-5067 2
-5018 2
-4969 2
-4920 2
-4871 2
-4822 2
-4773 2
-4724 2
-4675 2
-4626 2
-4577 2
-4528 2
-4479 2
-4430 2
-4381 2
-4332 2
-4283 2
-4234 2
-4185 2
-4136 2
-4087 2
-4038 2
-3989 2
-3940 2
-3891 2
-3842 2
-3793 2
-3744 2
-3695 2
-3646 2
-3597 2
-3548 2
-3499 2
-3450 2
-3401 2
-3352 2
-3303 2
-3254 2
-3205 2
-3156 2
-3107 2
-2960 2
-2911 2
-2862 2
-2813 2
-2764 2
-2715 2
-2666 2
-2617 2
-2568 2
-2519 2
-2470 2
-2421 2
-2372 2
-2323 2
-2274 2
-2225 2
-2176 2
-2127 2
-2078 2
-2029 2
-1980 2
-1931 2
-1882 2
-1833 2
-1784 2
-1735 2
-1686 2
-1637 2
-1588 2
-1539 2
-1490 2
-1441 2
-1392 2
-1343 2
-1294 2
-1245 2
-1196 2
-1147 2
-1098 2
-1049 2
-1000 2
-951 2
-902 2
-853 2
-804 2
-755 2
-706 2
-657 2
-608 2
-559 2
-510 2
-461 2
-412 2
-363 2
-314 2
-265 2
-216 2
-167 2
-118 2
-69 2
-20 2
29 3
4630 -30079
40 205
-12474 3136
-24473 6034
122 -19060
2353 -32582
-3072 3008
720 -32666
13573 10019
-32626 10284
1440 928
52 -23399
5634 934
-22503 -14307
-22055 -11648
-28055 -11724
10497 -31744
467 21259
-23295 424
-22855 2337
1184 -32730
13331 -9727
-30599 -14881
29272 -24360
22101 29548
1868 7451
30175 6029
23065 5979
-12714 -12068
1027 17781
30808 -9033
14261 15908
-307 16077
22625 21573
-8984 -11181
18476 18017
11518 5002
17939 -5019
-19928 27191
17332 6683
-20814 -4525
-12080 -6968
11583 265
17746 4525
22937 21125
4881 -19958
12614 934
361 -8862
20667 29490
-12290 255
-21846 -26328
23065 -8745
-8867 5583
19929 29980
-30068 -30230
8387 24746
-32748 9256
-24502 10
-12196 29489
1600 -20376
26630 -14928
-11252 -26493
31344 19466
-11198 2432
1696 9427
12557 -26103
300 154
16426 -12196
21762 26112
2688 5124
-31232 11428
-32510 23768
-18221 23644
11216 6794
5259 -21864
11733 -26346
-14038 -8112
25682 -2646
-30309 17514
-2678 -23236
19110 21167
26850 10905
19261 19073
-31675 28059
-5786 -22890
7503 17349
21158 28313
-24789 -21514
791 8789
29676 25773
23264 10129
-353 17365
27273 -1726
22996 29077
-11196 11864
-26072 23696
31344 -7678
-32538 -17480
168 973
26650 -21503
-30615 -9591
9625 27255
4789 8539
27241 18644
-31380 -21595
-31160 -9528
-411 23285
-9148 -28311
-1957 21125
-25720 28963
-4421 10453
-10096 5762
-24721 15213
-26613 -29374
2491 -11543
22425 22575
12074 -4292
32029 10667
-19364 -23087
-7659 11947
15846 -2183
25772 -23911
32360 29091
14010 -18056
-2237 12934
-15767 21224
-6584 -27677
-15499 -29882
30450 -19161
10612 -3560
-18790 29690
7885 375
20057 13942
2956 -17706
19292 -30926
-414 29116
19032 -29787
13197 -8586
-12590 -18467
18596 -10465
-10468 -22980
-16423 17698
-24953 -25810
18053 -19805
2370 -29294
-24507 6617
28697 -14376
15805 17219
-7382 -19897
22681 -14289
-22585 11069
21845 7330
29486 -22854
29071 -17821
-699 8420
21493 -5734
22181 13543
25571 -24811
-1562 16050
-9803 -25325
14257 -23339
-29909 -11802
29537 9226
24741 9446
11539 3627
-31517 -565
11498 -15019
6131 -11013
11244 -26489
22708 46
8365 -7752
30135 -29653
10896 -24339
25091 -18222
3160 17771
17604 11761
-16299 -24183
30554 -15322
1901 31850
-20030 -19175
-6299 15981
27746 -23248
-15019 -31135
-21702 24979
20790 22641
-19390 11246
11020 -8114
-21196 -15787
4546 -15035
-23455 4693
22548 17728
8448 -32748
74 -23032
4354 8769
10 -31702
13345 16904
360 4136
-23911 3298
28881 -11508
-31720 720
-26526 11140
1600 218
-12234 -18943
3456 180
-23955 22725
-19146 2839
5642 3728
6313 20896
-30111 -27370
23680 15184
10246 -30947
7507 -23420
6678 8261
-19443 256
25416 -24384
17760 2128
212 20675
708 411
2153 5232
-30954 -32414
10456 -16086
-26549 -32445
-26461 -22015
13446 1162
-11724 -9712
-31164 25578
-17480 7592
13760 19488
23185 27025
-21098 30683
-29675 -23407
-23207 27502
18334 19268
6833 -25655
-13790 -31222
10066 -12966
-31340 -24570
30824 -31180
6712 11782
17386 27142
932 -22503
19492 464
1178 -24551
9732 12676
-11356 -14832
-12236 -19183
9297 22125
13858 8870
13367 -30512
-21991 9426
13155 -10155
-28261 -22634
23649 27233
5494 13507
11244 -14712
2699 2531
24743 -11592
22740 -13051
22 -32716
23048 13824
464 -32586
20492 -11518
-22784 2736
18861 13034
-8584 -23900
-9390 18090
-15802 -31587
-22271 11864
-28120 -30819
12912 24657
-24904 11109
-16379 -11974
-18336 18963
28865 19027
-17981 870
-11950 -11960
-1098 -29739
17974 12930
11478 20914
25416 20628
8273 676
1674 45
20 592
12752 296
16435 16393
5 37
-32250 -24508
-32766 -12272
20482 16385
5 20
-24391 9732
6784 12365
-12272 6658
1280 14336
592 154
-24479 -28410
3392 16427
5315 6162
1184 16603
-30197 10240
-13056 4611
7808 -32602
22052 12964
27253 -28783
-28666 5
20 80
360 -32727
5334 25536
1619 -12240
-29407 -31168
24602 -22475
-29439 3136
52 16403
-25978 9478
6144 -28512
197 5160
-18432 672
4736 4224
154 26690
-21503 -32663
-11300 2817
8272 19677
-27130 22432
-19184 28929
20019 28865
5837 -31221
360 -24567
13315 2316
1184 205
13345 -31744
8656 40
672 4992
52 -24423
13315 -18176
928 52
-32666 -12276
-4606 928
52 -32666
13335 -18176
928 52
-32606 -28650
10250 -24576
20487 25090
5760 2688
10240 26136
2688 10240
-24576 -32510
25868 2208
21450 -21503
436 -9698
3745 -26785
154 -27784
-11013 3008
848 17690
8870 6409
-31105 4781
-14782 2177
-32678 19736
336 22580
-28670 -22398
16481 16395
18437 -32638
27162 8582
1696 693
21529 6658
9792 360
-12124 3361
5120 10432
-24576 -32766
10 13
-24543 -24572
-32766 10
16433 10246
-15104 11776
40 197
45 -32714
16413 5
-32714 10
-12196 3328
11520 5120
20480 10240
26625 5120
13184 320
1440 20
20608 -16079
360 -24360
-30143 16906
8400 1952
8237 21284
-32695 -28570
21184 26625
28929 1864
-24536 5385
361 -30174
4163 976
2730 2580
15110 -31212
17721 14336
848 8581
5262 29312
16522 2620
-32613 -26462
-24562 1541
-29823 1600
104 1440
-32766 10270
20504 -30206
1542 4736
2688 17920
1696 -24528
-26360 -22503
-29660 -2876
-15872 -15180
5153 -26624
166 -32750
22564 -17025
579 -30363
-23466 -32412
-32682 20500
20482 4866
3392 16429
26125 1190
-11420 26128
3480 -32716
16458 -23007
18691 934
-22711 6752
-20376 19720
289 52
26834 -23551
1744 22436
-12852 -3081
-10760 23736
18629 -30000
30186 -4772
15865 -10630
5742 18477
-19245 -3140
-10698 -22948
-14916 28118
21195 -23502
-16989 3674
-32159 24149
-31206 5275
-29352 -27536
-30862 8242
25750 -17041
-13739 14927
18731 -20686
25565 6231
10513 8099
-16554 7131
-9203 -29977
-29208 6435
6996 -8284
27947 -25715
-12376 19171
25424 19539
-26923 -13539
-21355 25453
-14252 -31452
-1897 23657
5291 9006
27749 -21011
-14302 18580
-21752 17638
-3571 -16743
-11798 -31796
17746 -26701
5295 -30922
26722 -9247
2125 -3702
23614 4259
-8738 22763
-19541 -13767
-6200 -8466
-26282 -12924
-17262 30734
-9451 -17640
29982 -27303
-24085 -7908
16716 1344
5120 10688
20480 16385
26630 -13056
6400 928
52 -12128
26192 2688
2569 10240
-24576 -28670
5 -16364
40 425
13 20
336 154
40 205
26670 30465
11091 23960
-26412 -31239
13586 -31194
19108 -109
31232 -15199
19669 26517
-4257 31830
-3163 11410
-4641 -6830
-19425 22820
14505 -23020
-29096 -541
-14934 13523
11347 -8283
22011 -26354
-24214 15202
-347 26357
-26903 4778
-30197 26271
-19369 10012
23658 -6269
-19682 14420
-23404 -27826
31359 -15199
18641 26009
-29862 -13291
-19896 813
6118 8565
2163 -32678
9190 -22938
-9852 -29428
-30634 -21652
22059 4777
24281 -21177
13138 -20884
29535 -5507
4283 12103
-2101 -31318
-20110 -23958
302 32409
21483 -13547
-10474 30523
23561 -14460
106 -26282
-23686 -11012
-7158 30057
32556 -16779
-17996 -18102
-9433 -1889
29353 -26609
27250 -16564
16247 31818
-7040 28213
22178 -6041
9807 20878
17990 -22891
-24666 30067
-13709 26267
-23830 8758
25301 -11176
14134 27517
21662 -21927
7834 -27430
-947 -1941
18997 -13660
-22026 -10343
-3625 6983
-20664 -10502
-15407 17590
-23382 -28827
-22000 -12873
-29447 -16426
12885 -27528
-29859 22868
-13661 -1333
-1326 -30019
25741 13767
-4621 32505
-28806 -28757
8923 -6467
10937 -19237
-23188 -12237
22266 -24176
9570 6485
32267 8077
-30514 16364
-10563 -11078
18254 -17358
9139 -5764
31174 -10021
-30122 14628
-9707 31850
-3196 -26240
-7000 28942
