0 0 36 114 64 112 77 85 
73 -50 56 -123 34 -98 15 -49 
7 85 14 116 35 84 63 18 
90 -108 107 -108 109 -74 92 17 
63 130 28 102 -3 55 -23 -63 
-28 -144 -18 -85 0 -19 18 107 
28 137 24 54 4 -19 -26 -133 
-61 -111 -91 -24 -108 50 -108 140 
-91 81 -65 4 -36 -76 -15 -140 
-7 -57 -14 15 -32 106 -55 136 
-72 28 -77 -46 -65 -135 -38 -113 
-2 9 34 79 63 145 76 71 
73 -45 57 -99 35 -134 16 -26 
7 66 13 107 33 114 61 -9 
89 -78 107 -117 109 -92 94 40 
65 94 30 126 -1 59 -23 -76 
-28 -110 -19 -120 -1 -9 17 107 
28 114 25 93 6 -41 -24 -119 
-59 -103 -90 -58 -108 78 -108 114 
-93 90 -66 26 -38 -102 -16 -109 
-7 -81 -13 8 -31 125 -54 105 
-71 64 -77 -54 -66 -141 -40 -91 
-4 -30 32 100 62 138 76 63 
74 -10 58 -129 36 -114 16 -33 
7 42 13 138 32 86 60 13 
87 -69 106 -141 109 -64 95 6 
67 102 32 138 0 37 -22 -37 
-28 -133 -20 -119 -2 0 16 71 
27 146 25 79 7 -36 -22 -95 
-57 -138 -88 -34 -107 58 -109 106 
-94 119 -68 0 -39 -71 -17 -117 
-7 -99 -13 31 -30 88 -52 129 
-71 67 -77 -67 -67 -107 -42 -126 
-6 -19 30 100 60 115 76 101 
75 -32 59 -114 37 -106 17 -67 
7 70 12 112 31 95 58 35 
86 -96 105 -108 110 -88 96 0 
69 119 34 107 1 73 -21 -45 
-28 -138 -21 -96 -3 -40 15 93 
27 138 26 71 9 0 -20 -124 
-55 -117 -87 -42 -106 34 -109 136 
-95 91 -70 22 -41 -63 -18 -140 
-7 -70 -12 -2 -29 96 -51 140 
-70 45 -77 -28 -68 -130 -44 -123 
-8 -10 28 64 59 147 75 86 
75 -26 61 -90 39 -141 18 -42 
8 50 11 104 29 124 56 7 
85 -64 105 -117 110 -105 98 22 
71 82 36 131 2 75 -20 -58 
-28 -104 -22 -131 -5 -29 14 92 
27 114 26 109 10 -23 -18 -109 
-53 -109 -85 -75 -106 62 -109 109 
-96 100 -71 43 -42 -89 -19 -107 
-8 -94 -11 -9 -28 113 -50 108 
-69 81 -77 -36 -69 -134 -45 -101 
-10 -49 26 86 57 137 75 78 
76 8 62 -119 40 -120 19 -51 
8 26 11 133 28 95 55 31 
83 -56 104 -139 110 -76 99 -11 
72 90 38 141 4 53 -19 -18 
-28 -126 -22 -128 -6 -19 13 56 
26 146 27 93 11 -16 -16 -85 
-51 -143 -84 -50 -105 42 -110 101 
-98 128 -73 16 -44 -57 -20 -116 
-8 -111 -11 13 -26 76 -49 132 
-68 83 -77 -48 -70 -100 -47 -135 
-13 -38 24 83 56 114 74 116 
76 -13 63 -103 41 -111 20 -83 
8 54 10 106 27 104 53 51 
82 -81 103 -106 110 -100 100 -17 
74 107 40 109 6 89 -18 -27 
-28 -130 -23 -105 -7 -59 12 77 
26 136 27 85 13 18 -14 -114 
-49 -121 -82 -59 -104 18 -110 130 
-99 99 -75 39 -46 -49 -21 -137 
-8 -81 -10 -21 -25 84 -47 142 
-67 61 -77 -9 -71 -122 -49 -131 
-15 -29 22 47 55 145 74 99 
76 -7 64 -79 43 -145 21 -58 
8 33 10 97 25 132 51 24 
80 -49 102 -114 110 -116 101 4 
76 69 42 132 8 90 -17 -39 
-28 -95 -24 -139 -8 -47 11 75 
25 112 27 122 14 -4 -12 -97 
-47 -113 -80 -91 -103 45 -110 102 
-100 108 -76 60 -47 -74 -22 -104 
-8 -105 -10 -26 -24 100 -46 109 
-66 96 -77 -18 -72 -124 -50 -108 
-17 -69 20 69 53 134 73 91 
77 28 65 -107 44 -122 22 -67 
9 9 9 126 24 102 50 48 
79 -41 101 -135 110 -86 102 -30 
78 77 44 141 9 68 -16 0 
-28 -117 -24 -134 -9 -38 10 39 
25 143 28 105 15 2 -10 -72 
-45 -146 -79 -65 -102 24 -110 93 
-101 135 -78 32 -49 -41 -23 -112 
-9 -120 -9 -4 -23 62 -45 132 
-65 97 -77 -29 -73 -89 -52 -142 
-19 -56 18 66 51 110 72 128 
77 5 66 -90 45 -114 23 -98 
9 37 9 97 23 111 48 68 
77 -66 100 -101 110 -110 103 -35 
79 92 46 109 11 103 -15 -8 
-28 -119 -25 -111 -10 -78 9 60 
24 131 28 97 16 37 -9 -101 
-43 -123 -77 -74 -101 0 -110 122 
-102 105 -79 56 -51 -33 -25 -132 
-9 -90 -9 -39 -22 70 -43 140 
-64 75 -76 10 -73 -111 -54 -136 
-21 -47 16 29 50 141 72 110 
77 12 67 -65 46 -146 25 -72 
10 15 8 89 22 137 47 40 
75 -33 99 -109 110 -124 104 -12 
81 54 48 132 13 104 -13 -19 
-27 -83 -26 -144 -11 -65 7 56 
24 107 28 133 17 14 -7 -83 
-41 -114 -75 -105 -100 28 -110 92 
-103 113 -81 75 -52 -58 -26 -97 
-10 -114 -8 -43 -21 85 -42 107 
-63 110 -76 0 -74 -112 -55 -113 
-23 -86 14 51 48 128 71 102 
77 47 68 -94 48 -122 26 -81 
10 -7 8 116 21 106 45 64 
74 -25 98 -129 110 -94 104 -48 
83 62 50 139 15 81 -12 20 
-27 -105 -26 -138 -12 -56 6 20 
23 137 28 115 18 22 -5 -58 
-39 -146 -73 -79 -99 5 -110 84 
-103 139 -82 47 -54 -24 -27 -106 
-10 -128 -8 -21 -20 46 -41 130 
-62 109 -76 -9 -75 -77 -57 -146 
-25 -73 12 46 46 103 70 138 
77 24 69 -75 49 -114 27 -112 
11 19 8 87 19 115 43 83 
72 -49 97 -94 110 -118 105 -52 
84 76 52 105 17 116 -11 10 
-27 -105 -26 -114 -13 -95 5 42 
22 124 28 107 19 56 -3 -86 
-37 -121 -72 -88 -98 -16 -110 111 
-104 108 -84 71 -55 -17 -28 -125 
-11 -97 -8 -56 -19 55 -39 136 
-61 87 -75 29 -75 -98 -58 -138 
-27 -64 9 10 45 133 69 119 
77 31 69 -50 50 -145 28 -85 
11 -3 7 78 18 140 42 54 
71 -16 96 -102 109 -131 106 -29 
86 38 54 128 19 115 -10 0 
-26 -70 -27 -146 -14 -81 4 37 
21 99 28 142 20 33 -2 -66 
-35 -113 -70 -118 -97 10 -110 81 
-105 116 -85 89 -57 -41 -30 -89 
-12 -121 -7 -60 -18 68 -38 103 
-60 121 -75 19 -76 -98 -59 -115 
-29 -103 7 32 43 119 68 111 
77 65 70 -78 52 -120 29 -94 
12 -25 7 105 17 108 40 78 
69 -9 95 -120 109 -100 107 -65 
87 46 56 134 21 92 -8 39 
-26 -91 -27 -138 -15 -72 3 1 
21 129 28 122 21 41 0 -42 
-33 -143 -68 -91 -96 -12 -109 72 
-106 141 -87 61 -59 -7 -31 -97 
-12 -133 -7 -37 -17 29 -37 125 
-59 119 -74 9 -76 -62 -61 -146 
-31 -88 5 27 41 94 67 145 
77 42 71 -58 53 -111 30 -124 
13 1 7 74 16 117 39 96 
67 -32 93 -84 109 -123 107 -68 
89 59 58 100 23 126 -7 28 
-25 -90 -28 -114 -16 -110 2 22 
20 113 28 114 22 74 1 -70 
-31 -117 -66 -100 -95 -34 -109 98 
-106 108 -88 85 -60 0 -33 -115 
-13 -102 -7 -73 -16 38 -36 130 
-58 96 -74 49 -76 -84 -62 -137 
-33 -80 3 -8 39 123 66 125 
77 50 72 -33 54 -141 32 -96 
14 -21 7 66 16 140 37 67 
66 1 92 -92 108 -134 108 -45 
90 20 60 122 25 123 -5 19 
-24 -54 -28 -146 -17 -95 1 16 
19 88 28 148 23 50 2 -49 
-29 -109 -64 -129 -93 -7 -109 67 
-107 117 -89 102 -62 -23 -34 -79 
-14 -125 -7 -75 -15 51 -34 96 
-57 130 -73 37 -77 -82 -63 -113 
-35 -117 1 13 37 107 65 116 
77 83 72 -61 55 -114 33 -105 
14 -43 7 91 15 108 36 92 
64 7 91 -109 108 -103 108 -80 
92 29 62 126 27 100 -4 58 
-24 -75 -28 -136 -18 -87 0 -18 
18 117 28 127 24 59 4 -25 
-27 -138 -62 -100 -92 -31 -108 59 
-108 140 -91 73 -64 10 -35 -87 
-15 -135 -7 -53 -14 11 -33 118 
-55 126 -73 28 -77 -46 -65 -144 
-37 -101 0 6 35 82 64 150 
77 59 73 -40 56 -106 34 -133 
15 -16 7 60 14 116 34 108 
62 -15 90 -73 107 -126 109 -82 
93 42 64 91 29 134 -2 46 
-23 -73 -28 -111 -19 -124 -1 3 
17 101 28 118 24 92 5 -52 
-25 -111 -60 -109 -91 -52 -108 84 
-108 107 -92 98 -65 16 -37 -103 
-15 -103 -7 -88 -14 21 -32 121 
-54 103 -72 67 -77 -67 -66 -134 
-39 -93 -3 -28 33 111 62 128 
76 67 74 -16 58 -134 35 -104 
16 -40 7 51 13 138 33 79 
61 19 88 -81 106 -136 109 -60 
94 2 66 113 31 129 -1 37 
-22 -37 -28 -142 -20 -107 -2 -3 
16 75 28 151 25 67 7 -30 
-23 -102 -58 -137 -89 -24 -107 52 
-109 115 -93 113 -67 -6 -38 -66 
-16 -127 -7 -89 -13 33 -31 86 
-53 137 -71 55 -77 -64 -67 -109 
-41 -129 -5 -6 31 93 61 119 
76 100 74 -43 59 -106 37 -113 
17 -60 7 76 12 105 31 103 
59 24 87 -97 106 -103 109 -95 
96 12 68 116 33 106 0 76 
-21 -58 -28 -131 -21 -98 -3 -38 
15 104 27 128 25 75 8 -6 
-21 -130 -56 -107 -88 -48 -107 44 
-109 136 -95 84 -69 28 -40 -74 
-17 -136 -7 -66 -12 -6 -29 108 
-52 131 -70 45 -77 -28 -68 -139 
-43 -112 -7 -13 30 68 60 152 
76 74 75 -21 60 -97 38 -140 
18 -33 7 44 12 113 30 118 
57 2 85 -59 105 -127 110 -95 
97 23 69 81 35 139 2 63 
-20 -55 -28 -106 -21 -135 -4 -16 
14 86 27 120 26 107 9 -33 
-19 -101 -54 -116 -86 -69 -106 68 
-109 102 -96 108 -70 33 -42 -90 
-18 -103 -7 -101 -12 3 -28 110 
-50 108 -70 84 -77 -49 -69 -127 
-44 -103 -9 -48 27 96 58 128 
75 83 75 2 61 -125 39 -110 
19 -57 8 36 11 134 29 88 
56 37 84 -68 104 -135 110 -72 
98 -15 71 102 37 132 3 54 
-20 -19 -28 -136 -22 -116 -5 -23 
13 60 27 151 26 81 11 -11 
-17 -92 -52 -143 -85 -41 -105 35 
-110 111 -97 122 -72 10 -43 -52 
-19 -126 -8 -101 -11 14 -27 74 
-49 140 -69 71 -77 -45 -70 -102 
-46 -139 -11 -25 25 77 57 119 
75 114 76 -24 62 -96 41 -119 
20 -77 8 60 10 99 27 112 
