0.0 0.0 0.5741479396820068 1.7863558530807495 
1.0085926055908203 1.7645177841186523 1.2070187330245972 1.3320719003677368 
1.1461635828018188 -0.7915133237838745 0.8823806047439575 -1.925835371017456 
0.5330397486686707 -1.5449098348617554 0.23866979777812958 -0.7788395881652832 
0.11784669011831284 1.340259075164795 0.229126438498497 1.8170329332351685 
0.5520885586738586 1.3233344554901123 0.9935023188591003 0.2822500765323639 
1.4166686534881592 -1.7007876634597778 1.6846492290496826 -1.6991952657699585 
1.7036936283111572 -1.162670612335205 1.453109860420227 0.27135196328163147 
0.9921154379844666 2.031446695327759 0.441491961479187 1.6027216911315918 
-0.05415361747145653 0.8639149069786072 -0.3715807795524597 -0.9872820973396301 
-0.44726043939590454 -2.2527194023132324 -0.2967429459095001 -1.3369619846343994 
-0.008930991403758526 -0.3123484253883362 0.28291264176368713 1.6797888278961182 
0.44422397017478943 2.1476528644561768 0.3826090693473816 0.859218180179596 
0.07794371992349625 -0.3066367208957672 -0.41044875979423523 -2.0786497592926025 
-0.961830198764801 -1.735370397567749 -1.431595802307129 -0.3891802728176117 
-1.6964603662490845 0.784976601600647 -1.6929845809936523 2.1881356239318848 
-1.437251091003418 1.2773447036743164 -1.019466519355774 0.0699385479092598 
-0.5752069354057312 -1.1883420944213867 -0.2424146980047226 -2.2014284133911133 
-0.11776898801326752 -0.8968295454978943 -0.22624479234218597 0.24713429808616638 
-0.5134978890419006 1.6692144870758057 -0.8634812831878662 2.1279335021972656 
-1.135705828666687 0.44797179102897644 -1.2103347778320312 -0.7242629528045654 
-1.026817798614502 -2.122295618057251 -0.6038170456886292 -1.7749149799346924 
-0.03409763053059578 0.15474657714366913 0.5440137982368469 1.2351223230361938 
0.9895817637443542 2.280191421508789 1.202839732170105 1.1148868799209595 
1.1559462547302246 -0.7185035347938538 0.9009961485862732 -1.548896074295044 
0.5527660250663757 -2.0990915298461914 0.25167423486709595 -0.4066399931907654 
0.11869896203279495 1.043894648551941 0.21654480695724487 1.6843345165252686 
0.5293663740158081 1.7896028757095337 0.9674790501594543 -0.14764432609081268 
1.395570993423462 -1.2259687185287476 1.6754863262176514 -1.831223487854004 
1.710030436515808 -1.4494688510894775 1.4739246368408203 0.6394168734550476 
1.0221035480499268 1.470009207725525 0.47271937131881714 1.9774127006530762 
-0.029769036918878555 0.9281768202781677 -0.35974666476249695 -1.1959081888198853 
-0.4495431184768677 -1.731257677078247 -0.3101157248020172 -1.8844317197799683 
-0.02677953988313675 -0.1522541493177414 0.26864737272262573 1.6793322563171387 
0.4404445290565491 1.7865285873413086 0.39282718300819397 1.462660312652588 
0.10112101584672928 -0.6509307622909546 -0.3796164393424988 -1.86404550075531 
-0.9312743544578552 -1.6106069087982178 -1.4094007015228271 -0.9160749316215515 
-1.6883349418640137 1.2250462770462036 -1.7004815340042114 1.7930113077163696 
-1.4572954177856445 1.4134387969970703 -1.0453442335128784 0.4167059361934662 
-0.5986982583999634 -1.604813575744629 -0.2563978135585785 -1.7042251825332642 
-0.11846923828125 -1.2752841711044312 -0.21441663801670074 0.13418447971343994 
-0.49416622519493103 1.9546642303466797 -0.8443240523338318 1.6463006734848022 
-1.1245909929275513 1.0051506757736206 -1.2127918004989624 -0.854392409324646 
-1.044245958328247 -2.2139906883239746 -0.6329977512359619 -1.4297388792037964 
-0.0681673213839531 -0.4696241021156311 0.5134384632110596 1.575911045074463 
0.9697977304458618 2.1616568565368652 1.1977951526641846 0.9884220957756042 
1.1650370359420776 -0.16169773042201996 0.9193021059036255 -2.019217014312744 
0.5726505517959595 -1.7921699285507202 0.26523998379707336 -0.5288536548614502 
0.12032151222229004 0.6673831939697266 0.20468078553676605 2.164982318878174 
0.5070631504058838 1.3589425086975098 0.9414240717887878 0.20947161316871643 
1.3739815950393677 -1.0924073457717896 1.6655079126358032 -2.2048120498657227 
1.7154673337936401 -1.0023761987686157 1.4940224885940552 0.10345181077718735 
1.0517679452896118 1.5941072702407837 0.5041040778160095 2.166827440261841 
-0.004808975383639336 0.5849440693855286 -0.34711188077926636 -0.584304690361023 
-0.45106184482574463 -2.0857648849487305 -0.3230089843273163 -1.860748529434204 
-0.04458779841661453 -0.0023089617025107145 0.2539701461791992 1.124778389930725 
0.435933917760849 2.2962470054626465 0.40223169326782227 1.2364683151245117 
0.12366783618927002 -0.5696841478347778 -0.34902143478393555 -1.4850834608078003 
-0.9004749059677124 -2.1572091579437256 -1.3865435123443604 -0.5393158793449402 
-1.6793224811553955 0.9195335507392883 -1.7071295976638794 1.6597081422805786 
-1.4767794609069824 1.870797872543335 -1.0711082220077515 -0.013575870543718338 
-0.6225387454032898 -1.1218267679214478 -0.2710632383823395 -1.83555006980896 
-0.11994995921850204 -1.5521210432052612 -0.20320206880569458 0.49854448437690735 
-0.4750703275203705 1.3863261938095093 -0.8249351978302002 2.018554925918579 
-1.1128374338150024 1.0601714849472046 -1.2143945693969727 -1.0549266338348389 
-1.0608662366867065 -1.686949372291565 -0.6616672277450562 -1.973035454750061 
-0.10218117386102676 -0.3036370575428009 0.48244619369506836 1.5639363527297974 
0.9492535591125488 1.797152042388916 1.1918827295303345 1.5869444608688354 
1.1734193563461304 -0.5072034597396851 0.9372730255126953 -1.7923223972320557 
0.5926669836044312 -1.6667267084121704 0.27934834361076355 -1.0503928661346436 
0.12270920723676682 1.1044176816940308 0.19354449212551117 1.7592411041259766 
0.4852011501789093 1.4958323240280151 0.9153648018836975 0.550325334072113 
1.351924180984497 -1.5021759271621704 1.6547266244888306 -1.699408769607544 
1.7200019359588623 -1.381191611289978 1.5133862495422363 -0.0041234493255615234 
1.0810825824737549 1.8691800832748413 0.5356190204620361 1.6794301271438599 
0.02070692554116249 1.1414695978164673 -0.33368250727653503 -0.716982901096344 
-0.4518073797225952 -2.16422700881958 -0.33540114760398865 -1.5129468441009521 
-0.06232895702123642 -0.6257027387619019 0.23890437185764313 1.4638725519180298 
0.4307045638561249 2.164191246032715 0.41082000732421875 1.1111559867858887 
0.14556723833084106 -0.013936980627477169 -0.31868982315063477 -1.9499320983886719 
-0.8694589734077454 -1.8392564058303833 -1.3630441427230835 -0.6654272675514221 
-1.6694291830062866 0.5446470975875854 -1.7129195928573608 2.1320672035217285 
-1.4956812858581543 1.4326990842819214 -1.0967308282852173 0.3479742705821991 
-0.6467043161392212 -0.9900465607643127 -0.2863976061344147 -2.198286771774292 
-0.12221280485391617 -1.1010856628417969 -0.19261714816093445 -0.04112615808844566 
-0.45623552799224854 1.5104988813400269 -0.8053411245346069 2.195147752761841 
-1.1004642248153687 0.71682208776474 -1.2151484489440918 -0.4401175379753113 
-1.0766688585281372 -2.038302421569824 -0.6898031830787659 -1.9368016719818115 
-0.1361113339662552 -0.15794901549816132 0.4510617256164551 1.006537675857544 
0.9279631972312927 2.300790786743164 1.1851013898849487 1.3513195514678955 
1.181077480316162 -0.4182460904121399 0.9548838138580322 -1.41159987449646 
0.6127889156341553 -2.205458164215088 0.2939799129962921 -0.6686569452285767 
0.12585602700710297 0.7901960015296936 0.18314526975154877 1.625430941581726 
0.46380212903022766 1.9439483880996704 0.8893285393714905 0.11927089840173721 
1.329422950744629 -1.0114258527755737 1.643155813217163 -1.8300292491912842 
1.723632574081421 -1.6476970911026 1.5319998264312744 0.3569638729095459 
1.1100215911865234 1.2943261861801147 0.5672368407249451 2.0490968227386475 
0.04675840213894844 1.1867763996124268 -0.3194655478000641 -0.9099085330963135 
-0.4517712891101837 -1.6318559646606445 -0.34727123379707336 -2.051697015762329 
-0.07997627556324005 -0.45328253507614136 0.2234739512205124 1.4407917261123657 
0.4247697591781616 1.7963144779205322 0.4185904562473297 1.7042282819747925 
0.16680298745632172 -0.36112648248672485 -0.28864744305610657 -1.7110005617141724 
-0.8382538557052612 -1.7129446268081665 -1.3389226198196411 -1.1810745000839233 
-1.6586617231369019 0.9789912700653076 -1.7178428173065186 1.7158541679382324 
-1.513979434967041 1.5701028108596802 -1.1221851110458374 0.6824255585670471 
-0.6711703538894653 -1.393402338027954 -0.3023867905139923 -1.6847798824310303 
-0.12525850534439087 -1.4798859357833862 -0.18267716467380524 -0.14283046126365662 
-0.4376867711544037 1.7754743099212646 -0.7855684161186218 1.7019647359848022 
-1.0874909162521362 1.2721601724624634 -1.2150598764419556 -0.5758413672447205 
-1.0916447639465332 -2.103712320327759 -0.7173837423324585 -1.586134433746338 
-0.16993004083633423 -0.7797202467918396 0.41931018233299255 1.344311237335205 
0.905941367149353 2.155205011367798 1.1774508953094482 1.2267354726791382 
1.1879966259002686 0.13584427535533905 0.9721096158027649 -1.8711472749710083 
0.6329896450042725 -1.8763232231140137 0.3091147243976593 -0.7981865406036377 
0.12975509464740753 0.41739559173583984 0.17349158227443695 2.0895376205444336 
0.44288724660873413 1.498216152191162 0.8633424639701843 0.48476505279541016 
1.3065025806427002 -0.8817971348762512 1.6308099031448364 -2.181903123855591 
1.7263585329055786 -1.1924638748168945 1.5498477220535278 -0.18585745990276337 
1.1385596990585327 1.4188824892044067 0.5989301204681396 2.212768793106079 
0.07332459092140198 0.8429057598114014 -0.3044687509536743 -0.2924964725971222 
-0.45094597339630127 -1.9802111387252808 -0.35859885811805725 -2.002642869949341 
-0.09750312566757202 -0.31131279468536377 0.2077031284570694 0.8810533881187439 
0.41814354062080383 2.293792247772217 0.42554226517677307 1.4587693214416504 
0.18735957145690918 -0.26499640941619873 -0.25891968607902527 -1.328815221786499 
-0.8068869113922119 -2.243549346923828 -1.3141998052597046 -0.7939547300338745 
-1.6470279693603516 0.6565190553665161 -1.7218915224075317 1.5816667079925537 
-1.5316535234451294 2.008669137954712 -1.1474438905715942 0.25021758675575256 
-0.6959119439125061 -0.8953142166137695 -0.3190159499645233 -1.8147269487380981 
-0.1290869265794754 -1.7357161045074463 -0.1733967363834381 0.21541626751422882 
-0.4194486141204834 1.1945170164108276 -0.765643835067749 2.0689313411712646 
-1.073938012123108 1.3073031902313232 -1.2141361236572266 -0.7616550922393799 
-1.105785846710205 -1.5663007497787476 -0.7443878650665283 -2.1200027465820312 
-0.2036096453666687 -0.6003344058990479 0.38721707463264465 1.3105660676956177 
0.8832034468650818 1.7840068340301514 1.1689319610595703 1.8138524293899536 
1.1941624879837036 -0.21351087093353271 0.988926112651825 -1.6204688549041748 
0.6532423496246338 -1.748988151550293 0.32473224401474 -1.3074164390563965 
0.1343987137079239 0.8494117259979248 0.16459104418754578 1.6630316972732544 
0.4224771559238434 1.6358778476715088 0.8374336957931519 0.8123308420181274 
1.2831881046295166 -1.2790496349334717 1.6177036762237549 -1.6604214906692505 
1.728179931640625 -1.5708986520767212 1.5669152736663818 -0.28119659423828125 
1.166671633720398 1.6740673780441284 0.6306712627410889 1.7138173580169678 
0.10038404911756516 1.3965450525283813 -0.28870078921318054 -0.43177369236946106 
-0.44932472705841064 -2.032789707183838 -0.3693641424179077 -1.6489081382751465 
-0.11488298326730728 -0.9308241605758667 0.19161652028560638 1.2179081439971924 
0.4108407199382782 2.1347110271453857 0.431675523519516 1.3345142602920532 
0.20722223818302155 0.2868301570415497 -0.2295316457748413 -1.7832679748535156 
-0.775385856628418 -1.90311598777771 -1.2888973951339722 -0.9264335036277771 
-1.634536623954773 0.2862820327281952 -1.725058913230896 2.037590742111206 
-1.5486831665039062 1.5551354885101318 -1.1724801063537598 0.619170606136322 
-0.7209038138389587 -0.7682247757911682 -0.33626940846443176 -2.155759811401367 
-0.13369706273078918 -1.2760567665100098 -0.16478967666625977 -0.33000266551971436 
-0.40154534578323364 1.3197910785675049 -0.7455941438674927 2.219623327255249 
-1.0598262548446655 0.9625300765037537 -1.2123855352401733 -0.1422530859708786 
-1.1190845966339111 -1.9118529558181763 -0.7707948684692383 -2.0578982830047607 
-0.23712264001369476 -0.46155285835266113 0.3548082411289215 0.7490206360816956 
0.8597657084465027 2.275285243988037 1.1595460176467896 1.5581855773925781 
1.199561595916748 -0.11075527966022491 1.0053092241287231 -1.2371526956558228 
0.6735202074050903 -2.271244764328003 0.3408113420009613 -0.9145182967185974 
0.1397782862186432 0.5191647410392761 0.15645045042037964 1.528627872467041 
0.4025918245315552 2.064615488052368 0.8116292357444763 0.3785949945449829 
1.259504795074463 -0.7740671634674072 1.6038528680801392 -1.7897576093673706 
1.729097843170166 -1.8157374858856201 1.5831882953643799 0.07463892549276352 
1.1943328380584717 1.0874450206756592 0.6624326109886169 2.078009605407715 
0.12791477143764496 1.4210997819900513 -0.27217113971710205 -0.6109821200370789 
-0.4469016492366791 -1.490665078163147 -0.3795478641986847 -2.177598714828491 
-0.1320894956588745 -0.7439514398574829 0.17523908615112305 1.1739680767059326 
0.40287673473358154 1.760285496711731 0.43699124455451965 1.9151980876922607 
0.2263769954442978 -0.06517936289310455 -0.2005080133676529 -1.5211677551269531 
-0.7437782883644104 -1.7746378183364868 -1.2630372047424316 -1.4287344217300415 
-1.62119722366333 0.7163482904434204 -1.7273390293121338 1.601002812385559 
-1.5650489330291748 1.692826509475708 -1.1972670555114746 0.9393759965896606 
-0.7461203336715698 -1.1597015857696533 -0.35413092374801636 -1.6264649629592896 
-0.1390870064496994 -1.6538022756576538 -0.156869038939476 -0.41848716139793396 
-0.3840007483959198 1.5655179023742676 -0.725446343421936 1.7149592638015747 
-1.0451769828796387 1.5139840841293335 -1.209816813468933 -0.28559908270835876 
-1.1315346956253052 -1.951859474182129 -0.7965847849845886 -1.7009340524673462 
-0.2704417109489441 -1.0781787633895874 0.3221099376678467 1.085383653640747 
0.8356449604034424 2.102787733078003 1.1492955684661865 1.4338880777359009 
1.2041813135147095 0.43819460272789 1.0212352275848389 -1.686751127243042 
0.6937962174415588 -1.9194343090057373 0.3573303520679474 -1.0494905710220337 
0.1458844244480133 0.15198293328285217 0.1490757018327713 1.976470708847046 
0.38325071334838867 1.6031413078308105 0.7859557867050171 0.7505291700363159 
1.2354782819747925 -0.6499210000038147 1.5892741680145264 -2.120004177093506 
1.7291144132614136 -1.3514513969421387 1.5986535549163818 -0.47282880544662476 
1.221518874168396 1.2137945890426636 0.6941863894462585 2.2157015800476074 
0.1558942049741745 1.075068473815918 -0.2548901438713074 0.00978926569223404 
-0.44367170333862305 -1.8336461782455444 -0.3891313672065735 -2.102255344390869 
-0.1490965187549591 -0.6078400015830994 0.15859611332416534 0.6111723780632019 
0.39426785707473755 2.2453691959381104 0.4414912760257721 1.6489795446395874 
0.24481064081192017 0.04364848509430885 -0.1718730330467224 -1.1370857954025269 
-0.7120919823646545 -2.2883622646331787 -1.2366418838500977 -1.029678463935852 
-1.6070197820663452 0.3788173496723175 -1.7287267446517944 1.4665749073028564 
-1.5807321071624756 2.111485719680786 -1.2217780351638794 0.503746509552002 
-0.7715355753898621 -0.6482849717140198 -0.3725833594799042 -1.7552837133407593 
-0.14525394141674042 -1.8873628377914429 -0.14964713156223297 -0.06463859975337982 
-0.3668382465839386 0.9736922979354858 -0.7052274346351624 2.076340913772583 
-1.0300121307373047 1.5275535583496094 -1.2064398527145386 -0.4587159752845764 
-1.1431306600570679 -1.4053860902786255 -0.8217382431030273 -2.224191188812256 
-0.3035397231578827 -0.8833123445510864 0.28914856910705566 1.031742811203003 
0.8108589053153992 1.7252711057662964 1.138183832168579 2.0076911449432373 
1.2080097198486328 0.08303818851709366 1.036681056022644 -1.413588285446167 
0.714043378829956 -1.789729356765747 0.3742671012878418 -1.544366717338562 
0.15270690619945526 0.5804910063743591 0.14247183501720428 1.5300443172454834 
0.36447250843048096 1.7406607866287231 0.7604399919509888 1.0629091262817383 
1.2111347913742065 -1.0359655618667603 1.5739843845367432 -1.5830893516540527 
1.7282321453094482 -1.7282122373580933 1.6132988929748535 -0.5539764761924744 
1.2482060194015503 1.4504191875457764 0.7259048819541931 1.7054194211959839 
0.18429933488368988 1.6238778829574585 -0.2368689775466919 -0.13814546167850494 
-0.43963080644607544 -1.8613775968551636 -0.3980967700481415 -1.7419395446777344 
-0.1658780872821808 -1.2209696769714355 0.14171314239501953 0.9474933743476868 
0.38503098487854004 2.0595781803131104 0.44517838954925537 1.524298071861267 
0.262510746717453 0.589106023311615 -0.14365050196647644 -1.5821027755737305 
-0.680354654788971 -1.9251333475112915 -1.2097344398498535 -1.1667040586471558 
-1.5920157432556152 0.015194623731076717 -1.7292178869247437 1.9064698219299316 
-1.5957142114639282 1.6419613361358643 -1.2459865808486938 0.8781933188438416 
-0.7971233129501343 -0.5275001525878906 -0.3916090726852417 -2.0748307704925537 
-0.15219423174858093 -1.4182783365249634 -0.1431354284286499 -0.6136131882667542 
-0.3500807285308838 1.1014963388442993 -0.6849643588066101 2.20105242729187 
-1.0143543481826782 1.179936170578003 -1.2022651433944702 0.16280007362365723 
-1.153867483139038 -1.746063232421875 -0.8462366461753845 -2.135462522506714 
-0.3363897502422333 -0.7493679523468018 0.255950927734375 0.4682755172252655 
0.7854257822036743 2.2042076587677 1.1262152194976807 1.7306092977523804 
1.2110358476638794 0.19738206267356873 1.0516239404678345 -1.0291368961334229 
0.734234631061554 -2.2947750091552734 0.3915989398956299 -1.1387912034988403 
0.16023468971252441 0.2361796498298645 0.13664302229881287 1.3958146572113037 
0.3462753891944885 2.149022102355957 0.7351081371307373 0.625031054019928 
1.1865003108978271 -0.5185898542404175 1.5580016374588013 -1.7115148305892944 
1.7264550924301147 -1.9502376317977905 1.6271125078201294 -0.2016981989145279 
1.2743710279464722 0.8538733720779419 0.7575603127479553 2.0639920234680176 
0.21310660243034363 1.6260950565338135 -0.21811959147453308 -0.30568838119506836 
-0.434775710105896 -1.3109544515609741 -0.40642669796943665 -2.259549379348755 
-0.18240851163864136 -1.017620325088501 0.12461599707603455 0.884667694568634 
0.37518373131752014 1.6791491508483887 0.4480562210083008 2.0908055305480957 
0.2794657051563263 0.23030948638916016 -0.11586374789476395 -1.2982686758041382 
-0.6485942006111145 -1.7941545248031616 -1.1823384761810303 -1.653678297996521 
-1.5761970281600952 0.442547470331192 -1.728808879852295 1.450479507446289 
-1.6099778413772583 1.7791379690170288 -1.269866704940796 1.1822952032089233 
-0.822857141494751 -0.9084696769714355 -0.41118964552879333 -1.5305202007293701 
-0.15990331768989563 -1.793787956237793 -0.137344628572464 -0.6869513392448425 
-0.3337506651878357 1.3293957710266113 -0.6646842360496521 1.6852843761444092 
-0.9982262849807739 1.7256710529327393 -1.197304368019104 0.009755239821970463 
-1.1637417078018188 -1.76185142993927 -0.8700619339942932 -1.7717151641845703 
-0.36896517872810364 -1.3584085702896118 0.22254401445388794 0.8050236105918884 
0.7593646049499512 2.0052895545959473 1.1133946180343628 1.6052345037460327 
1.2132493257522583 0.7387319803237915 1.0660417079925537 -1.4698759317398071 
0.7543429732322693 -1.9201245307922363 0.4093027114868164 -1.2774478197097778 
0.16845594346523285 -0.12337025254964828 0.1315925419330597 1.827925682067871 
0.3286767303943634 1.6713685989379883 0.7099862694740295 1.0015335083007812 
1.1616015434265137 -0.40159639716148376 1.541344165802002 -2.020480155944824 
1.7237876653671265 -1.4762132167816162 1.64008367061615 -0.751646876335144 
1.2999910116195679 0.9835297465324402 0.7891249060630798 2.175781488418579 
0.24229200184345245 1.2765933275222778 -0.19865474104881287 0.31594640016555786 
-0.4291039705276489 -1.6496275663375854 -0.4141045808792114 -2.157332181930542 
-0.19866232573986053 -0.8853582143783569 0.10733073204755783 0.3211260437965393 
0.3647443354129791 2.1520283222198486 0.45012933015823364 1.8025826215744019 
0.2956647276878357 0.3496133089065552 -0.0885356068611145 -0.9138737320899963 
-0.6168382167816162 -2.290412664413452 -1.154477834701538 -1.2412413358688354 
-1.559576153755188 0.09196967631578445 -1.7274975776672363 1.316699743270874 
-1.6235061883926392 2.1770131587982178 -1.293392539024353 0.7418262362480164 
-0.8487103581428528 -0.38562265038490295 -0.43130600452423096 -1.6587060689926147 
-0.16837577521800995 -2.0040528774261475 -0.13228459656238556 -0.3358367681503296 
-0.31787005066871643 0.7286317944526672 -0.6444140076637268 2.0410866737365723 
-0.9816514253616333 1.7162002325057983 -1.1915695667266846 -0.15273208916187286 
-1.1727501153945923 -1.207910418510437 -0.8931968212127686 -2.283506155014038 
-0.40123966336250305 -1.1461079120635986 0.18895505368709564 0.7335479259490967 
0.7326949834823608 1.6221683025360107 1.099727988243103 2.1640655994415283 
1.214640736579895 0.37580448389053345 1.0799126625061035 -1.1757922172546387 
0.7743414640426636 -1.7878623008728027 0.4273548126220703 -1.7560640573501587 
0.17735803127288818 0.3032391667366028 0.12732279300689697 1.3626765012741089 
0.31169331073760986 1.8080610036849976 0.6851003170013428 1.2969188690185547 
1.136465072631836 -0.777860164642334 1.524031400680542 -1.4690285921096802 
1.7202354669570923 -1.8502352237701416 1.6522024869918823 -0.8167150616645813 
1.3250435590744019 1.2030997276306152 0.8205708861351013 1.6546971797943115 
0.27183109521865845 1.8188546895980835 -0.17848798632621765 0.15727178752422333 
-0.4226141571998596 -1.6538379192352295 -0.4211145043373108 -1.7901155948638916 
-0.2146144062280655 -1.4897379875183105 0.08988358080387115 0.6587870717048645 
0.353731632232666 1.9401921033859253 0.45140302181243896 1.6762396097183228 
0.3110978305339813 0.8862438201904297 -0.0616883859038353 -1.3506674766540527 
-0.5851145386695862 -1.9043771028518677 -1.126177191734314 -1.381127119064331 
-1.5421669483184814 -0.26298627257347107 -1.725282073020935 1.7412207126617432 
-1.636283040046692 1.6911828517913818 -1.3165384531021118 1.1199408769607544 
-0.874656081199646 -0.2728607952594757 -0.45193853974342346 -1.957237720489502 
-0.17760531604290009 -1.5249775648117065 -0.12796436250209808 -0.8862383365631104 
-0.302460253238678 0.8605550527572632 -0.6241806745529175 2.1400508880615234 
-0.9646536111831665 1.3645474910736084 -1.1850738525390625 0.46839749813079834 
-1.1808909177780151 -1.5449110269546509 -0.915624737739563 -2.167741060256958 
-0.4331870973110199 -1.0150643587112427 0.1552114635705948 0.17054492235183716 
0.7054371237754822 2.089121103286743 1.0852223634719849 1.864460825920105 
1.215201497077942 0.4995154142379761 1.0932155847549438 -0.7919074296951294 
0.7942032217979431 -2.275263547897339 0.4457312822341919 -1.336445927619934 
0.18692755699157715 -0.05308297276496887 0.12383531033992767 1.2296267747879028 
0.2953411042690277 2.19529390335083 0.6604756712913513 0.8535314798355103 
1.1111177206039429 -0.2500401437282562 1.5060828924179077 -1.5971570014953613 
1.715804934501648 -2.0485458374023438 1.6634597778320312 -0.46636971831321716 
1.3495069742202759 0.5986365079879761 0.8518707156181335 2.0078048706054688 
0.30169904232025146 1.7973936796188354 -0.15763364732265472 -0.0006760071846656501 
-0.41530564427375793 -1.0968413352966309 -0.427441269159317 -2.295958995819092 
-0.23023992776870728 -1.2680407762527466 0.072300985455513 0.5792120099067688 
0.3421652019023895 1.554639220237732 0.45188361406326294 2.2270500659942627 
0.32575589418411255 0.5187000632286072 -0.03534384444355965 -1.0467842817306519 
-0.5534507632255554 -1.7708595991134644 -1.0974613428115845 -1.8509520292282104 
-1.5239835977554321 0.16329807043075562 -1.7221620082855225 1.2670469284057617 
-1.648293137550354 1.8272805213928223 -1.339279294013977 1.4061874151229858 
-0.9006673693656921 -0.6447978019714355 -0.47306692600250244 -1.3989291191101074 
-0.1875848025083542 -1.8973065614700317 -0.12439212948083878 -0.9425902366638184 
-0.2875421941280365 1.0722075700759888 -0.6040109992027283 1.6138566732406616 
-0.9472570419311523 1.9029688835144043 -1.1778309345245361 0.30357825756073 
-1.1881626844406128 -1.5379395484924316 -0.9373297095298767 -1.7970598936080933 
-0.46478182077407837 -1.614235281944275 0.1213407963514328 0.5096180438995361 
0.6776119470596313 1.8646173477172852 1.0698851346969604 1.7369104623794556 
1.2149238586425781 1.0308213233947754 1.1059298515319824 -1.2251150608062744 
0.8139013648033142 -1.877917766571045 0.464407742023468 -1.4771816730499268 
0.1971503645181656 -0.40291884541511536 0.12113071978092194 1.6467801332473755 
0.2796354293823242 1.7012711763381958 0.6361374855041504 1.2328301668167114 
1.0855867862701416 -0.14195792376995087 1.4875191450119019 -1.8854327201843262 
1.710503101348877 -1.5643407106399536 1.6738473176956177 -1.0167168378829956 
1.3733599185943604 0.73325514793396 0.8829967975616455 2.0940773487091064 
0.33187058568000793 1.443355917930603 -0.13610680401325226 0.6193296313285828 
-0.40717872977256775 -1.4325296878814697 -0.4330703914165497 -2.166630744934082 
-0.24551443755626678 -1.1377761363983154 0.054609499871730804 0.01737302541732788 
0.3300651013851166 2.0158371925354004 0.45157817006111145 1.9158602952957153 
0.3396306335926056 0.6462717056274414 -0.009523175656795502 -0.6638885736465454 
-0.5218744277954102 -2.249373197555542 -1.0683554410934448 -1.423857569694519 
-1.5050411224365234 -0.19824080169200897 -1.7181373834609985 1.135034203529358 
-1.6595215797424316 2.203747272491455 -1.3615901470184326 0.9595707654953003 
-0.9267170429229736 -0.11251162737607956 -0.4946703016757965 -1.5272098779678345 
-0.19830624759197235 -2.0835025310516357 -0.1215752512216568 -0.5926343202590942 
-0.273136168718338 0.4645780920982361 -0.5839317440986633 1.9643805027008057 
-0.9294862747192383 1.8692502975463867 -1.1698554754257202 0.1496593952178955 
-1.1945654153823853 -0.9783779978752136 -0.9582967758178711 -2.2968697547912598 
-0.4959985017776489 -1.3827229738235474 0.08737075328826904 0.42250680923461914 
0.6492408514022827 1.4769331216812134 1.0537251234054565 2.2793943881988525 
1.2138009071350098 0.6581847071647644 1.1180355548858643 -0.9119086265563965 
0.833409309387207 -1.7432113885879517 0.48335936665534973 -1.9378074407577515 
0.20801153779029846 0.023462768644094467 0.11920877546072006 1.16404390335083 
0.2645907998085022 1.8366950750350952 0.6121105551719666 1.5095338821411133 
1.0598992109298706 -0.5099549889564514 1.4683610200881958 -1.320578932762146 
1.7043381929397583 -1.9348028898239136 1.6833577156066895 -1.063922643661499 
1.396582007408142 0.9374164342880249 0.9139217734336853 1.563015341758728 
0.3623201549053192 1.9776054620742798 -0.11392329633235931 0.4478587210178375 
-0.3982345759868622 -1.414801001548767 -0.43798819184303284 -1.792532205581665 
-0.2604138255119324 -1.7312170267105103 0.03683581203222275 0.3583677411079407 
0.31745201349258423 1.7789570093154907 0.4504946768283844 1.7869013547897339 
0.3527146279811859 1.171657681465149 0.015753014013171196 -1.093894124031067 
-0.4904128611087799 -1.840831995010376 -1.038885235786438 -1.5650885105133057 
-1.4853554964065552 -0.5424280166625977 -1.7132093906402588 1.545069932937622 
-1.669954776763916 1.7015491724014282 -1.3834465742111206 1.3396427631378174 
-0.9527778029441833 -0.009562959894537926 -0.5167272090911865 -1.8054354190826416 
-0.20976078510284424 -1.5941202640533447 -0.11952022463083267 -1.1424357891082764 
-0.2592618763446808 0.6023324131965637 -0.5639694929122925 2.0381314754486084 
-0.9113662838935852 1.5126283168792725 -1.1611624956130981 0.7679304480552673 
-1.2000995874404907 -1.3131405115127563 -0.9785114526748657 -2.1540074348449707 
-0.5268121361732483 -1.2528241872787476 0.05332914739847183 -0.137533500790596 
0.6203458905220032 1.9325867891311646 1.036751627922058 1.9564558267593384 
1.2118266820907593 0.7890802621841431 1.129513144493103 -0.5305042862892151 
0.8527004718780518 -2.21284556388855 0.502561092376709 -1.5029677152633667 
0.21949543058872223 -0.34276217222213745 0.11806833744049072 1.033401370048523 
0.2502210736274719 2.2023050785064697 0.5884192585945129 1.0593955516815186 
1.034082293510437 0.02628416381776333 1.4486302137374878 -1.449248194694519 
1.6973190307617188 -2.1087563037872314 1.6919842958450317 -0.7139928936958313 
1.419153094291687 0.3271651268005371 0.9446184039115906 1.9111008644104004 
0.39302176237106323 1.9313980340957642 -0.09109967201948166 0.29746660590171814 
-0.388475239276886 -0.8531907796859741 -0.4421817362308502 -2.286266326904297 
-0.2749144434928894 -1.4894996881484985 0.019006701186299324 0.26429283618927 
0.3043471872806549 1.389479637145996 0.44864192605018616 2.3207921981811523 
0.36500126123428345 0.7934632301330566 0.04046472907066345 -0.7718644142150879 
-0.4590933620929718 -1.7050408124923706 -1.0090765953063965 -2.016134738922119 
-1.464943289756775 -0.11552528291940689 -1.7073800563812256 1.054160237312317 
-1.6795793771743774 1.8362520933151245 -1.4048246145248413 1.6064194440841675 
-0.9788222908973694 -0.3740123510360718 -0.5392157435417175 -1.2343753576278687 
-0.22193875908851624 -1.9625736474990845 -0.11823268234729767 -1.180084228515625 
-0.24593840539455414 0.7994398474693298 -0.544150710105896 1.5024781227111816 
-0.8929223418235779 2.0424091815948486 -1.1517682075500488 0.5893117189407349 
-1.2047667503356934 -1.2851051092147827 -0.9979601502418518 -1.7765820026397705 
-0.5571982264518738 -1.8400428295135498 0.01924384944140911 0.2058991938829422 
0.590949535369873 1.6836602687835693 1.0189749002456665 1.8259263038635254 
1.2089959383010864 1.3079637289047241 1.1403439044952393 -0.957713782787323 
0.8717485070228577 -1.7932629585266113 0.5219874978065491 -1.6443660259246826 
0.23158572614192963 -0.6807723045349121 0.11770738661289215 1.43659508228302 
0.23653917014598846 1.6919817924499512 0.5650875568389893 1.4398493766784668 
1.008163571357727 0.12364175915718079 1.4283485412597656 -1.717656135559082 
1.689455509185791 -1.6141828298568726 1.6997216939926147 -1.2627753019332886 
1.4410537481307983 0.4685044586658478 0.9750596284866333 1.9725357294082642 
0.4239492118358612 1.5720280408859253 -0.06765317916870117 0.9134035706520081 
-0.37790367007255554 -1.187437653541565 -0.44563886523246765 -2.1299424171447754 
-0.2889930009841919 -1.3595830202102661 0.0011489976895973086 -0.2933083176612854 
0.29077231884002686 1.8398370742797852 0.44602957367897034 1.9859825372695923 
0.3764849007129669 0.9271584153175354 0.06459260731935501 -0.392474502325058 
-0.4279429018497467 -2.1658427715301514 -0.9789558053016663 -1.5733096599578857 
-1.4438215494155884 -0.48590514063835144 -1.7006522417068481 0.9252450466156006 
-1.6883831024169922 2.190948247909546 -1.4257006645202637 1.1524876356124878 
-1.0048232078552246 0.16566236317157745 -0.5621134042739868 -1.3636940717697144 
-0.23482964932918549 -2.1241908073425293 -0.11771740019321442 -0.8298360705375671 
-0.23318423330783844 0.18712036311626434 -0.524501621723175 1.848304033279419 
-0.8741799592971802 1.9835189580917358 -1.1416893005371094 0.4419555366039276 
-1.2085692882537842 -0.7219855189323425 -1.0166301727294922 -2.2642405033111572 
-0.5871326327323914 -1.5877621173858643 -0.014857214875519276 0.10543917119503021 
0.56107497215271 1.2927643060684204 1.0004059076309204 2.3509981632232666 
1.2053042650222778 0.9237613081932068 1.1505097150802612 -0.627382218837738 
0.8905273675918579 -1.6565290689468384 0.5416129231452942 -2.085481643676758 
0.2442653477191925 -0.2529255747795105 0.11812302470207214 0.937926173210144 
0.22355736792087555 1.8259485960006714 0.5421389937400818 1.6963365077972412 
0.9821702241897583 -0.23765572905540466 1.407538890838623 -1.1407537460327148 
1.6807582378387451 -1.9805176258087158 1.7065647840499878 -1.2904759645462036 
1.4622654914855957 0.6590043902397156 1.0052186250686646 1.4326003789901733 
0.4550759792327881 2.0970799922943115 -0.043601781129837036 0.7271546125411987 
-0.36652371287345886 -1.1495693922042847 -0.4483482241630554 -1.7493226528167725 
-0.30262672901153564 -1.9401189088821411 -0.01671043410897255 0.053082432597875595 
0.27674973011016846 1.5792313814163208 0.44266802072525024 1.8537602424621582 
0.38716068863868713 1.4389727115631104 0.08811793476343155 -0.8173136711120605 
-0.3969883322715759 -1.7354117631912231 -0.9485493898391724 -1.7145758867263794 
-1.4220085144042969 -0.8172122836112976 -1.6930296421051025 1.321897268295288 
-1.6963545083999634 1.6725828647613525 -1.4460514783859253 1.5329524278640747 
-1.0307531356811523 0.2569698989391327 -0.5853971242904663 -1.622542381286621 
-0.24842213094234467 -1.6244441270828247 -0.11797826737165451 -1.3771462440490723 
-0.22101715207099915 0.3325006663799286 -0.5050481557846069 1.8976616859436035 
-0.8551650643348694 1.6212736368179321 -1.1309430599212646 1.0549730062484741 
-1.2115106582641602 -1.0561480522155762 -1.034509539604187 -2.094571352005005 
-0.6165918111801147 -1.4574750661849976 -0.04894610494375229 -0.4490797817707062 
0.5307456254959106 1.7381092309951782 0.9810566306114197 2.004236936569214 
1.2007484436035156 1.059747338294983 1.1599929332733154 -0.25054794549942017 
0.90901118516922 -2.108584403991699 0.5614113211631775 -1.6344608068466187 
0.2575165927410126 -0.6269312500953674 0.11931145936250687 0.8111183047294617 
0.21128708124160767 2.1697072982788086 0.519596517086029 1.238361120223999 
0.956129789352417 0.3049352169036865 1.3862241506576538 -1.2710068225860596 
1.6712385416030884 -2.1297385692596436 1.7125099897384644 -0.9395853281021118 
1.4827699661254883 0.04517681151628494 1.0350689888000488 1.7763773202896118 
0.48637524247169495 2.0253512859344482 -0.018964102491736412 0.5823578238487244 
-0.3543400466442108 -0.5854998230934143 -0.4502992630004883 -2.2309482097625732 
-0.3157932460308075 -1.6769499778747559 -0.03454472869634628 -0.05318155512213707 
0.26230210065841675 1.1873263120651245 0.4385685324668884 2.3698296546936035 
0.3970247209072113 1.0483299493789673 0.11102267354726791 -0.47922033071517944 
-0.3662561774253845 -1.5979143381118774 -0.917884111404419 -2.1454405784606934 
-1.3995225429534912 -0.3880023658275604 -1.6845171451568604 0.8159064650535583 
-1.7034828662872314 1.805830717086792 -1.4658544063568115 1.778810977935791 
-1.0565845966339111 -0.1015726625919342 -0.6090434789657593 -1.0401861667633057 
-0.26270410418510437 -1.9885834455490112 -0.11901829391717911 -1.3945307731628418 
-0.20945431292057037 0.5168455839157104 -0.485816091299057 1.3537853956222534 
-0.8359037041664124 2.141374111175537 -1.119547724723816 0.8606280088424683 
-1.2135947942733765 -1.0089409351348877 -1.0515869855880737 -1.710931420326233 
-0.6455525755882263 -2.0309014320373535 -0.08299490064382553 -0.09921066462993622 
0.49998563528060913 1.4662271738052368 0.9609397053718567 1.8702412843704224 
1.1953259706497192 1.563944697380066 1.1687769889831543 -0.673459529876709 
0.9271742701530457 -1.6675364971160889 0.5813565850257874 -1.775325894355774 
0.2713210880756378 -0.9510147571563721 0.12126804888248444 1.2015517950057983 
0.19973891973495483 1.6434162855148315 0.4974828362464905 1.6184887886047363 
0.9300695657730103 0.3897344470024109 1.3644278049468994 -1.5205775499343872 
1.6609086990356445 -1.6248699426651 1.717553973197937 -1.4849920272827148 
1.5025500059127808 0.19505798816680908 1.0645841360092163 1.813928484916687 
0.5178200602531433 1.6601407527923584 0.006240576971322298 1.1918871402740479 
-0.3413583040237427 -0.9200273752212524 -0.45148220658302307 -2.04809308052063 
-0.32847079634666443 -1.5459738969802856 -0.052327048033475876 -0.6039760708808899 
0.24745269119739532 1.6279761791229248 0.4337431788444519 2.0110788345336914 
0.4060738682746887 1.1861168146133423 0.13328947126865387 -0.1054982915520668 
-0.33577272295951843 -2.041346788406372 -0.8869869709014893 -1.6860460042953491 
-1.3763831853866577 -0.7651094198226929 -1.6751201152801514 0.6916069984436035 
-1.7097581624984741 2.138662099838257 -1.4850873947143555 1.3165655136108398 
-1.0822904109954834 0.44341540336608887 -0.6330286264419556 -1.1716800928115845 
-0.2776626646518707 -2.1253817081451416 -0.12083961814641953 -1.0426959991455078 
-0.19851213693618774 -0.0979260727763176 -0.466830849647522 1.695754051208496 
-0.816422164440155 2.056689739227295 -1.1075217723846436 0.7179310321807861 
-1.2148269414901733 -0.4444983899593353 -1.0678521394729614 -2.18660831451416 
-0.6739922761917114 -1.7565553188323975 -0.11697570234537125 -0.21069815754890442 
0.46881940960884094 1.0737546682357788 0.9400687217712402 2.377167224884033 
1.1890350580215454 1.1664499044418335 1.176845669746399 -0.32816043496131897 
0.9449913501739502 -1.5294913053512573 0.6014222502708435 -2.195652484893799 
0.2856598198413849 -0.5200286507606506 0.12398727238178253 0.688698410987854 
0.18892265856266022 1.7759945392608643 0.4758199155330658 1.8534047603607178 
0.9040169715881348 0.03355078399181366 1.3421740531921387 -0.9331777691841125 
1.6497817039489746 -1.9867688417434692 1.7216949462890625 -1.4917166233062744 
1.521588921546936 0.373704195022583 1.093738317489624 1.2664822340011597 
0.5493831634521484 2.1751046180725098 0.031992342323064804 0.9889996647834778 
-0.3275848925113678 -0.8639931678771973 -0.45188820362091064 -1.6616482734680176 
-0.34063807129859924 -2.1118998527526855 -0.07003060728311539 -0.25011134147644043 
0.23222510516643524 1.345253348350525 0.42820480465888977 1.875271201133728 
0.41430601477622986 1.6821709871292114 0.15490169823169708 -0.5269392728805542 
-0.3055639863014221 -1.5899510383605957 -0.8558852672576904 -1.82627272605896 
-1.3526101112365723 -1.0814565420150757 -1.6648449897766113 1.076165795326233 
-1.715171456336975 1.6045953035354614 -1.5037287473678589 1.696031928062439 
-1.107843041419983 0.5212510228157043 -0.6573281288146973 -1.4122775793075562 
-0.2932840883731842 -1.6154751777648926 -0.12344349175691605 -1.5857914686203003 
-0.18820635974407196 0.05691729858517647 -0.4481176435947418 1.7218002080917358 
-0.7967470288276672 1.6884618997573853 -1.0948846340179443 1.323423147201538 
-1.2152129411697388 -0.7798553705215454 -1.0832957029342651 -1.990768313407898 
-0.701888918876648 -1.624606966972351 -0.1508607119321823 -0.7571302652359009 
0.43727192282676697 1.5100586414337158 0.9184578061103821 2.00643253326416 
1.1818751096725464 1.3055685758590698 1.1841837167739868 0.04188012704253197 
0.9624374508857727 -1.9644619226455688 0.6215817928314209 -1.7277393341064453 
0.3005131483078003 -0.8997198939323425 0.1274627298116684 0.5673273801803589 
0.17884725332260132 2.097942352294922 0.45462924242019653 1.3866877555847168 
0.8779991865158081 0.5804193019866943 1.3194870948791504 -1.066239595413208 
1.6378713846206665 -2.111152172088623 1.7249314785003662 -1.138659954071045 
1.5398708581924438 -0.24144627153873444 1.122505784034729 1.6069116592407227 
0.5810372233390808 2.0773868560791016 0.058270666748285294 0.847962498664856 
-0.31302714347839355 -0.2997685670852661 -0.45150914788246155 -2.1315011978149414 
-0.3522742986679077 -1.8261250257492065 -0.08762870728969574 -0.36624592542648315 
0.21664336323738098 0.9526856541633606 0.4219669997692108 2.372955560684204 
0.42171984910964966 1.2774358987808228 0.17584340274333954 -0.1750035434961319 
-0.2756555676460266 -1.45160973072052 -0.8246062397956848 -2.2358081340789795 
-1.3282240629196167 -0.6482899188995361 -1.6536991596221924 0.5569286346435547 
-1.719714641571045 1.7365854978561401 -1.5217576026916504 1.91971755027771 
-1.1332154273986816 0.1670333296060562 -0.6819173097610474 -0.8202654123306274 
-0.30955398082733154 -1.9751213788986206 -0.12683027982711792 -1.5815379619598389 
-0.17855198681354523 0.23032212257385254 -0.42970117926597595 1.1711827516555786 
-0.776904821395874 2.1981427669525146 -1.0816563367843628 1.111568570137024 
-1.2147595882415771 -0.7155202627182007 -1.097908854484558 -1.6017735004425049 
-0.7292209267616272 -2.1826794147491455 -0.18462219834327698 -0.39875900745391846 
0.4053684175014496 1.2169618606567383 0.8961220383644104 1.8688162565231323 
1.1738461256027222 1.792978048324585 1.1907763481140137 -0.37855857610702515 
0.979487955570221 -1.5030238628387451 0.6418085098266602 -1.867124080657959 
0.3158608078956604 -1.207828164100647 0.13168717920780182 0.9463742971420288 
0.1695208102464676 1.5562822818756104 0.43393176794052124 1.7651941776275635 
