T 12172800 ps
-53 -215 -36 -164 -72 -218 -35 -161 
T 12176 ns
-22 -199 -53 -191 -57 -232 -55 -194 
T 12179200 ps
-66 -185 -70 -177 -49 -204 -56 -198 
T 12182400 ps
-52 -213 -24 -156 -22 -196 -55 -159 
T 12185600 ps
-61 -180 -40 -204 -22 -204 -3 -209 
T 12188800 ps
-61 -188 -72 -147 -33 -199 -75 -164 
T 12192 ns
-41 -204 -40 -168 -44 -186 -38 -196 
T 12195200 ps
-47 -187 -56 -190 -77 -184 -21 -153 
T 12198400 ps
-58 -187 -31 -151 -38 -181 -57 -192 
T 12201600 ps
-37 -130 -59 -222 -14 -166 -51 -173 
T 12204800 ps
-26 -149 -32 -189 -44 -199 -27 -180 
T 12208 ns
3 -203 -33 -191 -75 -197 -54 -195 
T 12211200 ps
-43 -191 -52 -151 -51 -174 -70 -143 
T 12214400 ps
-59 -186 -49 -173 -27 -195 -82 -132 
T 12217600 ps
-27 -149 -22 -179 -43 -168 -61 -148 
T 12220800 ps
-54 -181 -40 -171 -45 -193 -32 -148 
T 12224 ns
-82 -177 -53 -183 -48 -170 -47 -204 
T 12227200 ps
-53 -186 -61 -212 -50 -151 -8 -158 
T 12230400 ps
-50 -160 -30 -174 -47 -145 -66 -169 
T 12233600 ps
-25 -182 -30 -155 -57 -190 -54 -145 
T 12236800 ps
-48 -197 -48 -157 -62 -185 -5 -135 
T 12240 ns
-39 -167 -58 -166 -18 -183 -6 -151 
T 12243200 ps
-3 -152 -45 -156 -35 -166 -23 -140 
T 12246400 ps
-19 -171 -52 -155 -96 -157 -72 -168 
T 12249600 ps
-49 -128 6 -155 -43 -147 -17 -154 
T 12252800 ps
-47 -191 -38 -176 -61 -152 -34 -153 
T 12256 ns
-50 -152 -17 -170 -50 -170 -58 -158 
T 12259200 ps
-44 -172 -26 -183 -17 -160 -66 -162 
T 12262400 ps
-35 -140 -59 -154 -36 -192 -25 -188 
T 12265600 ps
-59 -157 -57 -150 -37 -188 -42 -177 
T 12268800 ps
-47 -169 -24 -135 -83 -149 -38 -135 
T 12272 ns
-53 -155 -35 -159 -11 -124 -18 -173 
T 12275200 ps
-1 -140 -10 -131 -15 -153 -44 -166 
T 12278400 ps
-52 -140 -16 -174 -33 -144 -46 -149 
T 12281600 ps
6 -123 -31 -142 -19 -136 -6 -169 
T 12284800 ps
-48 -153 13 -99 -59 -94 14 -156 
T 12288 ns
-18 -199 -22 -159 -14 -125 -32 -155 
T 12291200 ps
-49 -129 -36 -157 -32 -145 -17 -148 
T 12294400 ps
-41 -168 21 -142 -45 -133 -54 -120 
T 12297600 ps
-31 -143 -37 -156 -61 -152 -32 -162 
T 12300800 ps
-42 -155 -30 -155 -38 -141 -12 -157 
T 12304 ns
-38 -174 -9 -139 -65 -158 -43 -143 
T 12307200 ps
-29 -150 -4 -163 -24 -145 -40 -132 
T 12310400 ps
-42 -115 -10 -144 -45 -163 -68 -138 
T 12313600 ps
-12 -130 18 -140 -27 -141 -25 -146 
T 12316800 ps
2 -136 -34 -137 -30 -170 -41 -152 
T 12320 ns
-14 -144 4 -143 -35 -163 -34 -155 
T 12323200 ps
-9 -132 -15 -161 5 -134 -78 -153 
T 12326400 ps
8 -181 5 -122 -12 -179 -60 -115 
T 12329600 ps
-7 -141 0 -159 -23 -140 -19 -140 
T 12332800 ps
-35 -187 -15 -117 -18 -153 -81 -112 
T 12336 ns
-27 -135 -32 -103 -25 -144 10 -147 
T 12339200 ps
-63 -140 -27 -152 -39 -152 -5 -126 
T 12342400 ps
-34 -97 -42 -83 -10 -143 -24 -130 
T 12345600 ps
-2 -130 8 -127 -17 -141 -4 -121 
T 12348800 ps
-2 -141 -41 -136 -16 -149 -41 -92 
T 12352 ns
-36 -151 -78 -131 14 -94 -18 -91 
T 12355200 ps
-22 -121 7 -167 -18 -106 -14 -101 
T 12358400 ps
-33 -137 -21 -147 9 -116 6 -134 
T 12361600 ps
-70 -121 -25 -150 -30 -142 -11 -113 
T 12364800 ps
-1 -162 14 -106 -25 -89 1 -113 
T 12368 ns
-16 -137 -17 -123 1 -145 -31 -99 
T 12371200 ps
-40 -136 -18 -111 -18 -87 -19 -157 
T 12374400 ps
-24 -95 -10 -132 -6 -90 -33 -82 
T 12377600 ps
-13 -135 -15 -140 8 -115 -54 -101 
T 12380800 ps
-24 -77 -22 -133 -52 -152 -36 -130 
T 12384 ns
-43 -134 -18 -88 -30 -141 -33 -95 
T 12387200 ps
-48 -134 -2 -111 -8 -150 -46 -127 
T 12390400 ps
-25 -77 -8 -99 -15 -118 -51 -167 
T 12393600 ps
-48 -124 51 -33 3 -71 11 -134 
T 12396800 ps
-43 -91 -42 -108 43 -94 -8 -130 
T 12400 ns
-7 -128 144 -210 -20 -111 6 -110 
T 12403200 ps
-20 -77 21 -118 -20 -133 11 -117 
T 12406400 ps
-34 -143 -28 -122 -7 -137 -5 -133 
T 12409600 ps
-14 -106 11 -113 -17 -141 36 -93 
T 12412800 ps
30 -91 -11 -109 -29 -100 -2 -68 
T 12416 ns
-6 -102 1 -187 -22 -116 -44 -70 
T 12419200 ps
-54 -112 -44 -127 -33 -90 -1 -114 
T 12422400 ps
-9 -85 -26 -64 -17 -104 -1 -116 
T 12425600 ps
-19 -85 -11 -94 -29 -115 11 -67 
T 12428800 ps
-16 -121 -14 -88 -18 -117 -13 -87 
T 12432 ns
-1 -103 -34 -131 -24 -95 -39 -85 
T 12435200 ps
0 -99 -29 -105 -39 -102 -9 -97 
T 12438400 ps
10 -120 21 -75 -12 -96 -25 -105 
T 12441600 ps
-31 -123 -18 -89 -19 -115 -6 -79 
T 12444800 ps
19 -97 -7 -121 -26 -113 0 -94 
T 12448 ns
-42 -42 45 -210 21 -111 -14 -97 
T 12451200 ps
-19 -118 -12 -109 -33 -93 -48 -84 
T 12454400 ps
10 -116 1 -134 -14 -113 46 -63 
T 12457600 ps
13 -92 -20 -80 28 -96 -14 -98 
T 12460800 ps
-9 -95 63 -122 -11 -109 -4 -52 
T 12464 ns
-15 -82 19 -116 37 -116 -22 -77 
T 12467200 ps
22 -116 53 -65 -43 -94 -37 -78 
T 12470400 ps
-18 -109 14 -74 2 -79 -24 -63 
T 12473600 ps
-30 -89 22 -93 2 -82 -25 -125 
T 12476800 ps
-20 -69 -6 -70 -20 -101 -38 -52 
T 12480 ns
0 -70 -10 -93 -48 -128 -18 -83 
T 12483200 ps
10 -69 -1 -42 4 -76 0 -52 
T 12486400 ps
-11 -39 17 -109 -8 -93 -12 -53 
T 12489600 ps
-7 -69 -25 -78 -30 -57 -22 -65 
T 12492800 ps
14 -69 -1 -55 9 -85 -21 -91 
T 12496 ns
-21 -96 24 -78 -14 -72 33 -55 
T 12499200 ps
5 -35 -8 -58 12 -35 56 -42 
T 12502400 ps
-5 -75 15 -33 2 -50 -38 -51 
T 12505600 ps
-37 -56 6 -41 -4 -37 8 -63 
T 12508800 ps
5 -63 -64 -64 -31 -72 43 -22 
T 12512 ns
-3 -2 38 -68 14 -65 -24 -66 
T 12515200 ps
14 -37 29 -44 -41 -52 12 -24 
T 12518400 ps
-22 -56 31 -60 8 -66 -2 -25 
T 12521600 ps
-11 -43 -69 -53 -30 -57 11 -28 
T 12524800 ps
-3 -44 -26 -49 -32 -45 16 -49 
T 12528 ns
0 -67 -19 -57 -22 -7 -39 -31 
T 12531200 ps
-9 -53 24 -5 -6 -46 -1 -33 
T 12534400 ps
12 -9 1 -30 -15 -1 -8 -35 
T 12537600 ps
-25 -69 2 -39 -1 -30 -1 -33 
T 12540800 ps
-22 -13 -78 -86 -106 -17 60 -81 
T 12544 ns
43 -92 2 -30 -9229 -781 -29656 13895 
T 12547200 ps
26 -36 17 29 46 -12 -63 -72 
T 12550400 ps
20 -32 -13 -27 15 -17 29 -19 
T 12553600 ps
-17 -34 -17 -38 11 -30 8 -64 
T 12556800 ps
-2 -1 16 -18 -29 25 17 -20 
T 12560 ns
-23 -9 -3 -45 0 -28 -11 10 
T 12563200 ps
40 -33 28 -3 22 22 -31 -9 
T 12566400 ps
19 24 -25 21 -19 -26 -5 15 
T 12569600 ps
-19 -5 20 -7 -27 29 17 24 
T 12572800 ps
11 18 -3 32 -28 6 17 10 
T 12576 ns
-39 7 32 29 -24 17 -19 49 
T 12579200 ps
11 0 -25 5 -22 58 -6 27 
T 12582400 ps
16 21 -1 38 29 60 8 44 
T 12585600 ps
-29 64 28 16 4 40 -15 11 
T 12588800 ps
-28 62 16 21 -17 29 28 62 
T 12592 ns
-25 96 58 42 11 65 -9 81 
T 12595200 ps
-20 94 15 42 -8 87 10 92 
T 12598400 ps
-25 86 -14 88 -21 102 6 89 
T 12601600 ps
-22 129 47 133 -14 143 -31 90 
T 12604800 ps
-21 97 16 139 -8 130 -15 136 
T 12608 ns
-12 175 53 146 -22 154 24 170 
T 12611200 ps
-12 178 28 193 -28 217 0 230 
T 12614400 ps
-1 264 24 256 18 224 33 205 
T 12617600 ps
-25 270 1780 -5794 -9244 931 -61 288 
T 12620800 ps
-25 283 -13 330 -27 355 -18 318 
T 12624 ns
50 368 -9 378 -33 420 -7 476 
T 12627200 ps
-23 500 75 508 -19 562 -9 591 
T 12630400 ps
-18 636 13 667 -7 724 29 787 
T 12633600 ps
-35 902 85 940 -58 1064 33 1146 
T 12636800 ps
-13 1323 -29 1487 -51 1787 -82 2087 
T 12640 ns
-59 2653 168 3385 -115 4823 -137 7989 
T 12643200 ps
-652 24311 752 -25098 226 -8483 244 -5037 
T 12646400 ps
118 -3694 -114 -2867 64 -2387 14 -1982 
T 12649600 ps
63 -1762 42 -1544 46 -1463 26 -1297 
T 12652800 ps
34 -1244 -62 -1102 38 -1040 2 -975 
T 12656 ns
70 -950 9 -891 36 -869 67 -808 
T 12659200 ps
2 -739 1 -702 7 -747 5 -662 
T 12662400 ps
27 -662 -21 -614 24 -619 55 -556 
T 12665600 ps
23 -557 -10 -523 31 -537 11 -537 
T 12668800 ps
-14 -565 15 -479 -34 -521 25 -483 
T 12672 ns
14 -475 8 -496 42 -465 -21 -415 
T 12675200 ps
-36 -420 54 -454 19 -427 20 -374 
T 12678400 ps
-18 -432 -18 -387 12 -395 -7 -374 
T 12681600 ps
-14 -388 15 -405 0 -390 34 -352 
T 12684800 ps
38 -323 -4 -362 7 -408 -22 -349 
T 12688 ns
-17 -359 -5 -398 -24 -375 -45 -335 
T 12691200 ps
-310 -528 151 -290 74 -265 7 -305 
T 12694400 ps
54 -300 65 -329 48 -321 75 -269 
T 12697600 ps
109 -289 -71 -287 -20 -314 16 -285 
T 12700800 ps
20 -274 65 -277 -1 -287 27 -301 
T 12704 ns
57 -298 45 -345 22 -283 19 -282 
T 12707200 ps
43 -281 11 -234 16 -301 15 -286 
T 12710400 ps
51 -254 35 -272 48 -252 31 -248 
T 12713600 ps
39 -219 17 -269 40 -277 31 -281 
T 12716800 ps
39 -289 18 -263 -28 -257 7 -273 
T 12720 ns
13 -221 34 -212 21 -249 16 -244 
T 12723200 ps
23 -215 -29 -201 -14 -199 -28 -220 
T 12726400 ps
47 -225 40 -260 15 -256 30 -212 
T 12729600 ps
38 -255 36 -251 -6 -257 9 -218 
T 12732800 ps
-3 -244 -1 -231 10 -240 25 -196 
T 12736 ns
39 -231 -22 -246 46 -231 -3 -205 
T 12739200 ps
107 -251 10 -197 -1 -267 26 -197 
T 12742400 ps
-26 -223 7 -191 9 -215 4 -222 
T 12745600 ps
45 -236 10 -255 -18 -224 47 -222 
T 12748800 ps
-2 -227 -1 -224 1 -199 36 -222 
T 12752 ns
0 -193 -11 -219 -1 -224 6 -218 
T 12755200 ps
12 -241 -32 -214 44 -185 19 -171 
T 12758400 ps
40 -212 61 -242 33 -234 20 -168 
T 12761600 ps
13 -222 43 -197 -2 -215 6 -196 
T 12764800 ps
17 -184 -9 -196 22 -209 -13 -183 
T 12768 ns
18 -220 33 -192 31 -196 10 -181 
T 12771200 ps
-3 -176 -23 -171 41 -194 65 -186 
T 12774400 ps
19 -210 28 -187 48 -209 43 -186 
T 12777600 ps
26 -230 25 -181 16 -156 34 -174 
T 12780800 ps
-8 -165 27 -157 19 -211 -7 -171 
T 12784 ns
22 -185 4 -169 37 -196 31 -207 
T 12787200 ps
16 -160 9 -205 14 -180 39 -196 
T 12790400 ps
20 -185 3 -177 19 -173 -6 -171 
T 12793600 ps
-20 -187 16 -166 6 -155 50 -214 
T 12796800 ps
32 -173 6 -203 -1 -184 18 -165 
T 12800 ns
6 -198 18 -203 42 -149 -7 -141 
T 12803200 ps
30 -144 14 -189 39 -179 1 -171 
T 12806400 ps
23 -133 24 -204 -19 -165 9 -161 
T 12809600 ps
63 -170 20 -179 -8 -185 34 -184 
T 12812800 ps
19 -177 12 -163 21 -189 32 -156 
T 12816 ns
-5 -160 3 -162 22 -179 43 -197 
T 12819200 ps
14 -170 29 -137 31 -192 32 -167 
T 12822400 ps
22 -155 43 -158 40 -158 20 -143 
T 12825600 ps
25 -141 -10 -172 49 -177 23 -161 
T 12828800 ps
17 -161 23 -157 46 -161 5 -186 
T 12832 ns
13 -139 -4 -157 11 -175 -12 -178 
T 12835200 ps
12 -181 15 -140 -3 -140 33 -150 
T 12838400 ps
23 -192 3 -176 -29 -152 0 -167 
T 12841600 ps
45 -160 -22 -137 25 -165 28 -132 
T 12844800 ps
53 -163 32 -155 94 -198 25 -146 
T 12848 ns
8 -142 -4 -165 52 -153 6 -185 
T 12851200 ps
17 -193 13 -155 46 -143 -15 -184 
T 12854400 ps
-5 -128 24 -212 -8 -174 30 -162 
T 12857600 ps
23 -169 4 -119 7 -148 14 -160 
T 12860800 ps
8 -161 23 -151 15 -194 12 -146 
T 12864 ns
40 -131 20 -171 23 -163 29 -161 
T 12867200 ps
14 -148 17 -185 -18 -149 48 -162 
T 12870400 ps
60 -182 13 -169 21 -179 41 -154 
T 12873600 ps
23 -140 18 -138 34 -166 18 -151 
T 12876800 ps
25 -174 30 -162 44 -146 29 -129 
T 12880 ns
32 -170 48 -179 40 -136 -19 -151 
T 12883200 ps
34 -163 33 -167 22 -170 -12 -143 
T 12886400 ps
-9 -174 13 -166 26 -181 4 -147 
T 12889600 ps
19 -169 23 -171 12 -136 14 -114 
T 12892800 ps
-26 -130 40 -156 11 -169 42 -170 
T 12896 ns
28 -183 71 -145 -23 -156 21 -161 
T 12899200 ps
15 -150 -14 -166 43 -145 31 -178 
T 12902400 ps
43 -157 37 -152 58 -148 45 -151 
T 12905600 ps
-1 -136 46 -133 56 -140 -18 -126 
T 12908800 ps
11 -156 30 -132 7 -132 5 -169 
T 12912 ns
-16 -168 4 -133 11 -167 42 -110 
T 12915200 ps
34 -143 -16 -176 21 -150 -23 -138 
T 12918400 ps
45 -154 35 -174 23 -179 44 -153 
T 12921600 ps
3 -154 -2 -131 19 -147 26 -135 
T 12924800 ps
28 -173 23 -138 26 -164 13 -128 
T 12928 ns
34 -118 46 -119 32 -165 41 -138 
T 12931200 ps
28 -136 38 -112 18 -113 51 -125 
T 12934400 ps
-26 -112 7 -148 3 -160 -20 -132 
T 12937600 ps
54 -116 20 -158 13 -131 24 -160 
T 12940800 ps
-4 -125 47 -149 19 -193 8 -145 
T 12944 ns
32 -154 55 -146 51 -126 6 -152 
T 12947200 ps
0 -157 4 -130 29 -137 3 -159 
T 12950400 ps
2 -131 3 -138 12 -152 22 -117 
T 12953600 ps
27 -152 -11 -108 8 -129 41 -116 
T 12956800 ps
35 -134 40 -139 30 -166 5 -131 
T 12960 ns
4 -140 20 -136 13 -159 19 -114 
T 12963200 ps
38 -126 21 -140 35 -135 65 -170 
T 12966400 ps
1 -176 -2 -151 24 -131 46 -113 
T 12969600 ps
4 -161 65 -139 15 -133 7 -121 
T 12972800 ps
15 -149 19 -145 59 -143 27 -109 
T 12976 ns
10 -141 42 -80 54 -164 9 -185 
T 12979200 ps
11 -181 52 -142 19 -152 33 -164 
T 12982400 ps
44 -119 47 -120 22 -145 28 -155 
T 12985600 ps
45 -135 -8 -110 13 -125 3 -101 
T 12988800 ps
TLAST
15 -101 14 -157 11 -137 -10 -114 
