T 11504 ns
48 -134 21 -153 -33 -103 49 -197 
T 11507200 ps
41 -148 37 -119 15 -142 -18 -109 
T 11510400 ps
40 -155 20 -139 13 -140 38 -158 
T 11513600 ps
46 -119 2 -152 9 -139 66 -130 
T 11516800 ps
17 -134 42 -158 22 -136 43 -147 
T 11520 ns
34 -137 13 -156 37 -119 17 -112 
T 11523200 ps
27 -176 24 -136 22 -160 6 -178 
T 11526400 ps
10 -124 -14 -134 3 -164 53 -117 
T 11529600 ps
-12 -135 40 -168 15 -166 41 -126 
T 11532800 ps
12 -161 33 -130 20 -142 -3 -107 
T 11536 ns
57 -126 24 -149 4 -169 34 -163 
T 11539200 ps
25 -145 32 -88 -21 -131 19 -76 
T 11542400 ps
26 -138 -10 -179 11 -138 -10 -183 
T 11545600 ps
45 -138 34 -182 11 -129 59 -149 
T 11548800 ps
25 -153 2 -149 -1 -162 62 -109 
T 11552 ns
50 -135 37 -154 24 -186 41 -113 
T 11555200 ps
24 -187 24 -134 18 -140 -12 -147 
T 11558400 ps
34 -117 20 -111 26 -149 35 -143 
T 11561600 ps
90 -74 -2 -150 16 -188 22 -151 
T 11564800 ps
25 -152 12 -181 18 -141 -46 -163 
T 11568 ns
33 -140 -17 -148 18 -159 34 -146 
T 11571200 ps
47 -159 43 -153 -2 -155 34 -147 
T 11574400 ps
31 -166 3 -112 27 -140 39 -148 
T 11577600 ps
25 -137 -19 -186 8 -181 46 -136 
T 11580800 ps
1 -156 12 -213 20 -160 -9 -158 
T 11584 ns
21 -131 36 -176 12 -145 6 -133 
T 11587200 ps
-5 -149 38 -127 30 -140 14 -156 
T 11590400 ps
23 -159 39 -114 36 -189 15 -139 
T 11593600 ps
44 -133 28 -149 8 -118 38 -129 
T 11596800 ps
12 -146 -6 -125 0 -157 41 -102 
T 11600 ns
47 -123 36 -163 30 -138 37 -160 
T 11603200 ps
22 -154 9 -137 9 -138 -1 -150 
T 11606400 ps
23 -178 27 -132 16 -158 19 -173 
T 11609600 ps
28 -178 -1 -165 51 -142 -14 -135 
T 11612800 ps
35 -168 27 -132 -18 -143 57 -146 
T 11616 ns
-3 -174 35 -161 47 -142 24 -148 
T 11619200 ps
11 -178 40 -107 28 -157 1 -136 
T 11622400 ps
2 -134 18 -147 41 -152 13 -164 
T 11625600 ps
37 -182 50 -167 5 -131 15 -137 
T 11628800 ps
16 -148 6 -117 12 -137 30 -156 
T 11632 ns
56 -185 51 -122 19 -172 12 -143 
T 11635200 ps
51 -145 5 -123 49 -156 15 -193 
T 11638400 ps
2 -157 1 -160 24 -123 38 -190 
T 11641600 ps
13 -136 -14 -158 76 -170 91 -189 
T 11644800 ps
11 -177 67 -153 23 -187 19 -126 
T 11648 ns
22 -164 -9 -138 59 -125 6 -125 
T 11651200 ps
51 -155 63 -152 75 -155 -9 -146 
T 11654400 ps
21 -178 40 -178 57 -150 16 -157 
T 11657600 ps
50 -169 60 -131 36 -153 38 -179 
T 11660800 ps
19 -185 33 -144 33 -156 42 -157 
T 11664 ns
42 -184 46 -150 9 -148 10 -139 
T 11667200 ps
37 -151 -4 -165 36 -141 30 -165 
T 11670400 ps
20 -173 36 -165 25 -162 2 -159 
T 11673600 ps
27 -160 22 -159 6 -171 -27 -171 
T 11676800 ps
27 -189 25 -202 42 -174 73 -144 
T 11680 ns
26 -183 32 -181 17 -172 5 -134 
T 11683200 ps
4 -157 -10 -123 40 -174 37 -172 
T 11686400 ps
19 -174 45 -175 70 -162 0 -191 
T 11689600 ps
3 -147 87 -181 37 -166 7 -163 
T 11692800 ps
67 -158 51 -122 46 -148 6 -164 
T 11696 ns
40 -191 -5 -145 33 -183 22 -196 
T 11699200 ps
42 -143 27 -167 29 -161 -6 -192 
T 11702400 ps
41 -123 26 -141 48 -169 27 -167 
T 11705600 ps
25 -176 5 -167 11 -177 56 -129 
T 11708800 ps
48 -172 -14 -185 10 -151 27 -166 
T 11712 ns
44 -147 70 -201 46 -178 32 -202 
T 11715200 ps
16 -145 49 -193 17 -154 37 -179 
T 11718400 ps
26 -154 34 -169 48 -224 50 -147 
T 11721600 ps
58 -166 50 -153 98 -165 9 -177 
T 11724800 ps
3 -159 14 -140 11 -219 51 -164 
T 11728 ns
7 -185 35 -171 25 -184 55 -227 
T 11731200 ps
48 -189 0 -184 13 -190 -11 -213 
T 11734400 ps
57 -222 42 -141 16 -201 -2 -182 
T 11737600 ps
37 -192 30 -170 87 -195 -9 -193 
T 11740800 ps
24 -128 22 -182 21 -173 13 -164 
T 11744 ns
38 -189 23 -201 53 -190 22 -166 
T 11747200 ps
-4 -186 26 -202 36 -134 32 -194 
T 11750400 ps
14 -198 6 -203 36 -205 35 -194 
T 11753600 ps
48 -206 9 -169 -10 -227 58 -215 
T 11756800 ps
-79 -205 38 -229 52 -162 75 -201 
T 11760 ns
36 -205 31 -225 35 -232 21 -191 
T 11763200 ps
23 -197 34 -225 69 -208 27 -221 
T 11766400 ps
37 -222 45 -243 52 -223 37 -251 
T 11769600 ps
44 -226 16 -238 46 -202 13 -177 
T 11772800 ps
8 -208 25 -224 68 -236 48 -231 
T 11776 ns
5 -209 32 -220 33 -228 34 -220 
T 11779200 ps
34 -248 12 -237 -8 -238 29 -252 
T 11782400 ps
37 -220 37 -266 4 -226 53 -199 
T 11785600 ps
19 -227 15 -266 -27 -272 40 -251 
T 11788800 ps
26 -243 21 -251 23 -275 -10 -238 
T 11792 ns
9 -267 -19 -286 14 -256 26 -262 
T 11795200 ps
11 -206 26 -245 -18 -297 -29 -248 
T 11798400 ps
98 -286 49 -297 19 -282 69 -270 
T 11801600 ps
35 -286 3 -289 -3 -312 -23 -214 
T 11804800 ps
221 -652 62 -359 61 -349 13 -309 
T 11808 ns
49 -326 39 -377 11 -362 53 -349 
T 11811200 ps
39 -343 29 -334 58 -388 26 -349 
T 11814400 ps
52 -365 45 -390 75 -371 15 -349 
T 11817600 ps
39 -387 15 -385 60 -403 42 -401 
T 11820800 ps
2 -436 7 -440 29 -462 54 -397 
T 11824 ns
33 -466 42 -452 45 -461 35 -459 
T 11827200 ps
33 -452 26 -506 4 -546 90 -540 
T 11830400 ps
34 -548 31 -569 69 -582 -8 -640 
T 11833600 ps
18 -626 23 -641 41 -655 82 -685 
T 11836800 ps
14 -749 -4 -793 19 -844 26 -857 
T 11840 ns
-4 -932 11 -925 6 -1059 74 -1045 
T 11843200 ps
5 -1224 -52 -1250 27 -1422 -10 -1540 
T 11846400 ps
2 -1757 7 -2054 -61 -2350 198 -2826 
T 11849600 ps
-64 -3680 -189 -5028 -163 -8453 -735 -25048 
T 11852800 ps
709 24321 178 8060 174 4835 -144 3381 
T 11856 ns
121 2642 118 2131 103 1808 90 1515 
T 11859200 ps
108 1349 62 1162 90 1091 -64 940 
T 11862400 ps
55 919 75 848 63 759 50 698 
T 11865600 ps
84 653 46 601 50 538 54 539 
T 11868800 ps
35 511 59 478 57 452 43 411 
T 11872 ns
75 370 28 386 40 387 52 357 
T 11875200 ps
42 335 43 337 9254 972 -1795 -5788 
T 11878400 ps
25 281 59 273 40 254 42 255 
T 11881600 ps
47 221 53 245 59 197 32 206 
T 11884800 ps
46 225 18 223 30 197 14 208 
T 11888 ns
73 204 53 177 27 205 34 189 
T 11891200 ps
48 158 44 120 49 181 1 130 
T 11894400 ps
58 135 34 101 75 127 50 134 
T 11897600 ps
36 147 19 137 55 134 7 91 
T 11900800 ps
48 108 30 101 39 81 27 122 
T 11904 ns
67 98 29 74 80 106 3 72 
T 11907200 ps
57 87 32 89 36 81 1 89 
T 11910400 ps
5 118 56 88 25 63 20 85 
T 11913600 ps
36 107 49 82 88 85 50 82 
T 11916800 ps
14 45 45 57 9 53 42 84 
T 11920 ns
81 73 46 41 54 60 38 42 
T 11923200 ps
75 58 30 20 44 34 21 57 
T 11926400 ps
66 26 41 62 51 42 18 68 
T 11929600 ps
14 31 49 33 50 33 35 50 
T 11932800 ps
44 29 20 -4 27 20 59 -2 
T 11936 ns
65 19 41 14 54 6 46 -9 
T 11939200 ps
43 46 34 41 30 8 37 5 
T 11942400 ps
23 15 20 11 36 1 -2 -8 
T 11945600 ps
61 48 10 44 67 9 18 -6 
T 11948800 ps
30 -19 29803 13937 9290 -667 44 -47 
T 11952 ns
85 -27 133 4 -48 -6 26 -4 
T 11955200 ps
63 3 2 -5 38 -23 40 -25 
T 11958400 ps
53 4 78 9 15 -30 64 -8 
T 11961600 ps
55 5 55 -49 57 -32 50 6 
T 11964800 ps
81 2 50 -1 62 6 61 -28 
T 11968 ns
62 10 62 16 10 -18 14 17 
T 11971200 ps
27 -3 -15 -2 67 -23 45 -23 
T 11974400 ps
31 28 45 -27 38 -9 27 -40 
T 11977600 ps
60 -2 29 -74 62 -39 34 -26 
T 11980800 ps
37 -14 52 -38 62 -11 -10 -29 
T 11984 ns
33 -1 60 -22 42 -28 51 -66 
T 11987200 ps
15 -23 69 -35 25 -44 25 16 
T 11990400 ps
59 -16 46 -11 30 -6 76 1 
T 11993600 ps
46 -49 16 -43 27 -6 21 -30 
T 11996800 ps
52 -52 40 -9 111 1 41 9 
T 12 us
37 -48 35 -39 38 -29 63 -47 
T 12003200 ps
29 -16 21 -9 26 -53 25 -5 
T 12006400 ps
27 -55 14 -18 32 -38 -3 7 
T 12009600 ps
48 -28 53 -26 53 -36 24 -23 
T 12012800 ps
9 -43 61 -53 78 -22 -1 -23 
T 12016 ns
88 -31 64 -56 36 -51 51 -50 
T 12019200 ps
34 -4 65 -76 5 -76 59 -23 
T 12022400 ps
66 4 24 -73 78 -31 56 -10 
T 12025600 ps
18 -32 85 -73 -1 -62 49 -37 
T 12028800 ps
59 -65 67 -45 57 -61 110 -69 
T 12032 ns
33 -59 79 -81 45 -77 2 -52 
T 12035200 ps
59 -52 72 -44 49 -6 23 -32 
T 12038400 ps
23 -13 74 -29 17 -44 17 -4 
T 12041600 ps
54 -65 60 -39 82 -44 44 -39 
T 12044800 ps
44 -74 63 -73 7 -82 9 -137 
T 12048 ns
55 17 49 -48 44 -27 46 -46 
T 12051200 ps
47 -53 13 -53 22 4 12 -66 
T 12054400 ps
57 -37 42 -24 49 -78 13 -53 
T 12057600 ps
65 -65 27 -29 91 -80 61 -87 
T 12060800 ps
47 -72 32 -25 43 -24 3 -44 
T 12064 ns
63 -58 55 -49 48 -74 58 -53 
T 12067200 ps
42 -78 65 -35 62 -63 57 -49 
T 12070400 ps
71 -55 55 -74 48 -68 19 -74 
T 12073600 ps
29 -44 9 -87 82 -38 37 -55 
T 12076800 ps
66 -59 63 -30 73 -49 16 -53 
T 12080 ns
65 -56 61 -58 55 -65 74 -62 
T 12083200 ps
21 -30 55 -65 43 -22 25 -61 
T 12086400 ps
72 -41 44 -66 31 -62 49 -107 
T 12089600 ps
55 -91 61 -92 40 -95 44 -62 
T 12092800 ps
35 -84 55 -59 61 -74 -172 -94 
T 12096 ns
67 -88 101 -52 108 -77 36 -54 
T 12099200 ps
62 -114 46 -93 56 -75 146 -105 
T 12102400 ps
-30 -39 40 -48 58 -63 1 -92 
T 12105600 ps
49 -56 49 -38 69 -48 84 -67 
T 12108800 ps
14 -92 45 -95 48 -76 17 -73 
T 12112 ns
33 -58 37 -97 12 -66 42 -74 
T 12115200 ps
45 -96 5 -70 69 -30 39 -81 
T 12118400 ps
46 -74 41 -87 21 -67 73 -70 
T 12121600 ps
67 -96 31 -67 72 -86 62 -73 
T 12124800 ps
49 -82 55 -35 56 -85 39 -75 
T 12128 ns
56 -77 52 -63 64 -51 14 -61 
T 12131200 ps
49 -53 48 -75 56 -91 38 -94 
T 12134400 ps
65 -67 53 -50 69 -103 27 -55 
T 12137600 ps
25 -83 67 -49 70 -58 82 -100 
T 12140800 ps
18 -71 50 -65 72 -73 83 -119 
T 12144 ns
42 -68 58 -61 50 -66 20 -70 
T 12147200 ps
100 -65 98 -83 52 -65 48 -32 
T 12150400 ps
42 -72 58 -120 63 -80 73 -40 
T 12153600 ps
33 -64 99 -58 12 -88 54 -93 
T 12156800 ps
65 -125 50 -62 78 -82 46 -112 
T 12160 ns
83 -101 32 -62 48 -35 19 -58 
T 12163200 ps
85 -109 60 -77 82 -86 33 -133 
T 12166400 ps
91 -98 47 -56 33 -118 34 -35 
T 12169600 ps
17 -48 87 -94 66 -27 61 -40 
T 12172800 ps
27 -66 29 -108 36 -92 61 -101 
T 12176 ns
72 -114 72 -57 31 -57 8 -93 
T 12179200 ps
26 -98 33 -54 37 -88 27 -34 
T 12182400 ps
66 -68 85 -69 53 -84 51 -102 
T 12185600 ps
42 -69 31 -81 66 -98 15 -73 
T 12188800 ps
67 -95 41 -76 82 -101 26 -44 
T 12192 ns
14 -87 63 -111 75 -78 43 -75 
T 12195200 ps
65 -118 64 -67 70 -120 68 -72 
T 12198400 ps
64 -42 22 -76 57 -92 49 -81 
T 12201600 ps
51 -103 65 -91 61 -89 15 -40 
T 12204800 ps
70 -107 94 -64 49 -63 76 -69 
T 12208 ns
55 -62 52 -70 61 -93 42 -60 
T 12211200 ps
27 -113 47 -110 81 -101 47 -83 
T 12214400 ps
50 -85 58 -80 52 -114 49 -114 
T 12217600 ps
48 -79 83 -106 49 -76 52 -95 
T 12220800 ps
44 -82 32 -146 70 -114 39 -83 
T 12224 ns
78 -84 91 -79 49 -103 75 -77 
T 12227200 ps
51 -96 58 -50 48 -95 95 -95 
T 12230400 ps
47 -106 51 -93 32 -80 72 -81 
T 12233600 ps
46 -96 89 -78 51 -111 52 -80 
T 12236800 ps
85 -102 50 -93 58 -62 23 -85 
T 12240 ns
93 -86 47 -93 79 -112 67 -73 
T 12243200 ps
64 -106 28 -103 54 -92 27 -75 
T 12246400 ps
84 -161 62 -96 78 -101 54 -79 
T 12249600 ps
61 -106 68 -115 81 -115 36 -99 
T 12252800 ps
39 -100 34 -111 40 -96 84 -95 
T 12256 ns
58 -61 63 -50 23 -115 38 -97 
T 12259200 ps
75 -119 50 -141 74 -117 9 -92 
T 12262400 ps
22 -100 61 -77 65 -140 68 -112 
T 12265600 ps
67 -115 114 -139 50 -91 34 -102 
T 12268800 ps
52 -108 68 -136 74 -88 42 -110 
T 12272 ns
67 -118 53 -89 60 -102 54 -113 
T 12275200 ps
58 -122 70 -131 35 -136 45 -103 
T 12278400 ps
54 -103 86 -114 63 -107 74 -112 
T 12281600 ps
52 -115 91 -94 67 -147 57 -102 
T 12284800 ps
46 -105 99 -98 53 -140 74 -129 
T 12288 ns
69 -50 76 -73 75 -115 37 -103 
T 12291200 ps
46 -104 101 -115 61 -117 56 -117 
T 12294400 ps
50 -124 44 -129 83 -135 66 -141 
T 12297600 ps
50 -109 91 -122 74 -111 69 -94 
T 12300800 ps
57 -104 57 -107 4 -142 12 -104 
T 12304 ns
46 -144 60 -128 39 -99 57 -129 
T 12307200 ps
61 -126 97 -129 84 -86 79 -125 
T 12310400 ps
62 -142 91 -121 88 -105 67 -172 
T 12313600 ps
86 -113 20 -121 66 -107 37 -124 
T 12316800 ps
86 -166 28 -124 121 -105 78 -106 
T 12320 ns
TLAST
72 -90 90 -149 78 -116 36 -84 
