408 250
275 152
313 179
301 215
373 162
345 153
363 129
362 142
443 90
474 34
464 -10
513 49
528 -69
571 -109
626 -142
660 -210
780 -305
880 -445
1032 -617
1410 -668
1585 -1215
2213 -1939
4008 -3783
20021 -20603
-6433 7190
-2703 3225
-1713 2246
-1434 1536
-976 1443
-776 1265
-669 1136
-571 1018
-483 967
-429 890
-397 849
-413 733
-329 761
-294 717
-292 722
-265 677
-232 676
-213 637
-217 635
-249 600
-211 616
-212 621
-238 602
-88 589
-99 588
-82 547
-109 572
-142 525
-104 549
-92 542
-102 551
-129 550
-100 541
-54 531
-91 531
-105 517
-93 522
-67 528
-74 550
-62 533
-72 521
-13 530
-50 532
-60 526
-48 541
-57 551
-65 534
-65 554
-55 538
3 547
-57 572
-57 546
-42 558
-27 561
-34 584
-54 583
-39 583
71 576
-29 606
-57 592
-20 651
-8 625
-16 653
-44 696
-3 719
254 738
-4 843
8 963
59 1389
-2374 -24890
-64 -147
-72 246
-21 374
-248 458
-8 498
-15 518
-23 556
-6 579
-3 594
-12 632
17 639
-38 650
11 680
13 682
39 726
6 742
34 802
-20 818
59 839
31 834
42 874
52 888
78 904
39 1033
70 1055
7 1087
78 1131
79 1190
108 1279
87 1310
131 1399
112 1498
138 1616
50 1743
180 1877
223 2024
236 2226
256 2453
322 2808
349 3204
460 3842
225 4666
756 6002
1220 8225
1878 14052
6121 -21529
-5200 28277
-1702 -12911
-1166 -7915
-397 -5604
-670 -4382
-618 -3517
-457 -3019
-410 -2571
-385 -2291
-305 -2011
-322 -1847
-137 -1662
-283 -1522
-289 -1392
-265 -1293
-229 -1235
-216 -1143
-193 -1063
-205 -1009
-97 -951
-196 -909
-204 -842
-170 -842
-203 -766
-165 -730
-159 -710
-154 -701
-99 -650
-152 -649
-170 -597
-134 -580
-144 -548
-173 -558
-120 -525
-138 -490
-105 -474
-124 -480
-170 -458
-123 -452
-122 -450
-143 -430
-133 -408
-149 -411
-115 -371
-186 -361
-314 -346
3107 -929
95 -381
2 -368
-41 -347
-58 -367
-26 -336
-60 -322
-80 -320
-69 -297
-57 -311
-52 -291
-49 -290
-81 -286
-50 -274
-72 -275
-48 -265
-60 -263
-53 -260
-88 -231
-73 -226
-79 -267
-33 -247
-79 -213
-90 -216
-60 -236
-59 -221
-69 -221
-68 -210
-50 -209
-49 -213
-95 -222
-63 -205
-54 -208
-41 -203
-54 -211
-69 -189
-76 -191
-42 -181
-86 -187
-61 -204
-63 -175
-67 -163
-66 -203
-57 -175
-48 -168
-66 -169
-56 -168
-55 -178
-69 -144
-59 -167
-66 -154
-61 -158
-42 -148
-29 -164
-31 -147
-43 -146
-29 -146
-61 -137
-62 -150
-42 -131
-48 -139
-20 -118
-57 -140
-91 -145
-14 -139
-38 -132
-59 -139
-46 -121
-62 -122
-56 -128
-32 -116
-49 -142
-35 -117
-54 -119
-59 -90
-50 -104
-37 -125
-39 -107
-43 -114
-53 -107
-44 -113
-23 -97
-56 -133
-50 -89
-50 -94
-22 -100
-34 -104
-63 -97
-48 -103
-56 -90
-41 -107
-41 -90
-50 -102
-37 -81
-46 -78
-36 -92
-33 -97
-56 -87
-34 -103
-32 -93
-58 -87
-44 -78
-28 -107
-27 -90
-44 -103
-42 -79
-34 -72
-29 -66
-50 -86
-32 -101
-39 -85
-23 -84
-19 -84
-50 -89
-38 -80
-15 -78
-45 -65
-28 -96
-43 -67
-39 -66
-41 -62
-39 -69
-58 -67
-47 -74
-38 -96
-34 -80
-66 -70
-45 -68
-54 -74
-54 -54
-35 -68
-42 -76
-37 -91
-33 -66
-34 -72
-44 -68
-34 -53
-14 -67
-39 -41
-62 -50
-17 -45
23 -100
-7 -63
-46 -50
-18 -65
-7 -66
-26 -62
-47 -55
-31 -64
-38 -44
-25 -51
-47 -55
-25 -38
-29 -51
-43 -49
-19 -48
-11 -76
-15 -48
-35 -44
-36 -32
0 -59
-28 -53
-6 -37
-46 -49
-16 -39
-16 -42
-20 -34
-25 -44
-23 -18
-14 -39
-18 -37
-21 -43
-23 -26
-21 -16
-15 -17
-24 -20
-33 -25
-4 -30
-17 -14
-13 -35
-11 -28
-10 -23
-19 -12
-34 -14
-16 1
4 -9
16 28
12 -10
-8 15
-31 22
-21 33
5 14
-4 37
-13 11
-11 39
1 42
12 30
-6 63
16 64
-7 49
16 74
-1 95
-1 108
53 124
2 119
21 139
25 186
48 213
42 215
59 234
29 309
80 350
102 433
86 570
190 757
297 1098
458 1958
1702 6743
-1298 -5160
-463 -1930
-316 -1252
-184 -915
-179 -724
-177 -592
-131 -530
-135 -471
-108 -431
-107 -384
-97 -373
-71 -366
-96 -344
-93 -302
-135 -361
-43 -252
-88 -270
-58 -259
-66 -230
-48 -212
-69 -227
-64 -222
-50 -229
-58 -201
-67 -223
-51 -198
-48 -215
-56 -170
-48 -189
-54 -156
-57 -195
-35 -175
-48 -175
-48 -165
-46 -188
-24 -160
-63 -159
-65 -160
-40 -177
-41 -159
-36 -144
-55 -171
-36 -161
-41 -153
-57 -165
-32 -149
-35 -169
-47 -150
-33 -157
-28 -137
-53 -157
-19 -155
-34 -153
-48 -151
-39 -153
-28 -129
-50 -133
-42 -135
-36 -141
-25 -125
-30 -147
-36 -127
-22 -133
-27 -132
-34 -148
-37 -136
-52 -121
-27 -135
-55 -109
-57 -125
-37 -105
-31 -120
-35 -146
-29 -135
-44 -127
-32 -114
-40 -141
-34 -136
-46 -128
-49 -122
-22 -138
-29 -138
-43 -147
-30 -140
-41 -135
-9 -131
-32 -139
-37 -112
-33 -141
-43 -135
-28 -142
-50 -140
-14 -124
-34 -93
-36 -124
-64 -132
-14 -149
-34 -104
-27 -150
-11 -107
-37 -121
-30 -134
-14 -126
-48 -148
-53 -128
-18 -127
-32 -101
-18 -109
-22 -136
-31 -134
-23 -131
-21 -131
-19 -124
-19 -137
-31 -131
-18 -126
-39 -142
-46 -142
-42 -146
-29 -121
-28 -155
-7 -123
-20 -132
-16 -120
-28 -127
0 -131
-22 -127
-32 -140
-13 -149
-21 -113
-16 -139
-1 -129
-5 -152
-61 -137
-19 -140
-28 -148
-32 -137
-32 -141
-33 -144
-9 -140
-25 -137
-21 -116
-23 -139
-25 -151
-21 -155
-38 -137
-32 -136
-23 -129
-18 -132
-39 -155
-19 -143
-29 -142
-45 -152
-12 -143
-20 -132
-4 -145
-11 -152
-18 -133
-19 -150
-4 -163
-28 -159
-16 -138
-28 -157
-9 -160
10 -153
-14 -155
-23 -153
-3 -145
-9 -158
-9 -166
-6 -164
-10 -163
12 -159
-33 -172
4 -160
4 -166
-2 -171
-3 -181
-13 -184
-1 -180
-11 -186
-21 -189
3 -190
5 -168
-12 -184
-5 -185
16 -214
-4 -177
-17 -191
-27 -194
11 -224
21 -214
6 -219
-14 -207
22 -233
28 -248
7 -229
2 -244
6 -247
10 -239
-1 -253
24 -258
32 -389
34 -338
21 -366
8 -366
52 -384
63 -420
55 -458
64 -503
89 -572
126 -604
133 -751
110 -938
251 -1250
421 -1934
1229 -5202
-1746 6738
-520 1966
-348 1092
-235 735
-119 540
-170 422
-106 368
-124 270
-125 243
-110 199
-111 183
-108 161
-75 110
-80 117
-67 102
-73 79
-52 90
-56 68
-50 57
-62 37
-75 22
-62 40
-48 25
-56 18
-39 -6
-46 -8
-47 -2
-46 -16
-38 -11
-50 -34
-35 -5
-16 -61
-34 -11
-46 -27
-33 -34
-50 -18
-44 -41
-39 -43
-38 -49
-49 -41
-37 -41
-34 -43
-45 -60
-37 -52
-35 -34
-49 -69
-27 -63
-24 -55
-23 -49
-29 -47
-35 -45
-42 -73
-28 -50
-46 -70
-37 -56
-47 -72
-45 -56
-38 -79
-21 -70
-42 -67
-44 -89
-42 -94
-22 -70
-21 -62
-20 -77
-48 -74
-13 -74
-30 -78
-44 -68
-39 -90
-14 -84
-17 -100
-19 -100
-23 -83
-17 -99
-36 -85
-58 -122
3 -93
-63 -73
-20 -116
-29 -85
-36 -85
-32 -98
-34 -98
-46 -88
-17 -89
-21 -105
-26 -93
-11 -102
-25 -104
-10 -106
-20 -91
-30 -121
-26 -121
-17 -142
-14 -105
-19 -96
-19 -117
-29 -105
-21 -107
-14 -138
-20 -148
-11 -115
-13 -121
-18 -114
-18 -111
-19 -115
-17 -132
-43 -117
-10 -142
1 -141
-22 -123
-11 -139
-14 -123
-10 -123
-12 -139
-21 -124
-3 -137
-27 -125
-18 -141
-7 -143
-6 -138
-18 -147
-44 -152
-13 -158
1 -136
-13 -151
-28 -170
-9 -134
-10 -154
5 -136
-19 -149
-33 -144
-15 -152
-23 -147
-12 -164
-30 -163
-10 -161
-6 -170
-19 -174
-19 -179
-6 -161
0 -168
-3 -155
-18 -181
0 -178
-12 -148
18 -194
-19 -164
-15 -163
-22 -177
-7 -168
-8 -168
-39 -189
-9 -201
-9 -182
-39 -181
-18 -167
-17 -191
0 -203
-6 -191
4 -212
-22 -186
-10 -216
-21 -199
-18 -213
-6 -194
-3 -213
-15 -210
2 -212
1 -203
-16 -232
0 -228
-15 -229
6 -233
-10 -215
-4 -227
4 -241
8 -228
-16 -255
-23 -240
8 -263
12 -255
16 -254
-11 -258
6 -268
-8 -259
25 -271
3 -270
-5 -268
-4 -289
-2 -288
-17 -284
-5 -293
-16 -316
-7 -309
-17 -292
-15 -304
13 -309
18 -307
-9 -318
8 -318
-4 -334
0 -346
-43 -344
4 -368
-6 -346
-15 -380
-6 -366
-3 -395
-27 -376
-6 -390
-42 -426
-24 -415
-34 -421
-55 -429
-142 -448
-3149 -1081
223 -402
113 -433
64 -448
88 -489
87 -476
76 -500
71 -501
73 -526
60 -526
61 -557
19 -559
71 -584
57 -611
77 -639
49 -622
57 -652
83 -664
95 -718
32 -738
90 -781
94 -795
92 -859
64 -843
112 -921
118 -926
124 -1010
53 -1048
135 -1124
134 -1163
150 -1249
147 -1313
161 -1392
203 -1468
205 -1623
68 -1764
243 -1913
238 -2102
309 -2386
325 -2649
421 -3088
518 -3607
603 -4478
338 -5720
1104 -7981
1666 -13007
5250 28194
-6354 -21622
-2000 13963
-1361 8136
-869 5859
-301 4550
-548 3715
-443 3105
-415 2719
-377 2354
-338 2122
-362 1921
-274 1762
-133 1641
-246 1516
-211 1399
-225 1302
-207 1238
-208 1147
-247 1081
-183 1024
-94 993
-166 931
-165 860
-113 891
-148 828
-138 809
-216 756
-154 739
-95 732
-170 716
-122 681
-132 664
-131 622
-104 626
-202 597
-129 602
-75 594
-103 584
-113 565
-128 545
-129 596
-113 605
-373 582
-138 682
-87 782
-169 1129
-2441 25874
-20 -408
-70 -23
-70 106
144 168
-89 195
-66 220
-90 219
-60 227
-99 227
-97 220
-98 211
-34 222
-110 207
-72 210
-101 201
-89 213
-108 193
-100 205
-86 206
-60 182
-111 185
-87 208
-122 183
-95 161
-90 160
-119 179
-102 153
-89 163
-109 133
-86 109
-119 147
-83 150
-121 113
-136 113
-117 107
-109 95
-130 87
-114 85
-131 77
-114 55
-140 57
-162 77
-146 41
-141 33
-162 3
-68 17
-246 -3
-183 -32
-208 -38
-253 -24
-220 -67
-237 -73
-241 -105
-249 -109
-287 -125
-269 -172
-345 -208
-439 -201
-410 -287
-420 -314
-510 -417
-552 -472
-668 -572
-721 -702
-986 -906
-1403 -1008
-1719 -1687
-2726 -2696
-6447 -6641
20049 21163
4044 4319
2233 2470
1623 1749
1413 1199
1036 1136
886 960
768 856
694 775
648 706
612 672
540 603
630 490
517 514
485 479
449 451
456 490
430 454
474 432
443 354
494 293
450 373
422 281
