274 230
-325 -117
-37 83
-293 197
137 182
-109 279
-35 240
50 317
238 207
154 99
151 134
98 218
118 241
70 272
161 263
176 334
261 270
224 188
200 238
159 225
254 213
169 294
161 241
185 364
183 280
240 252
218 268
234 294
204 272
234 326
215 344
275 389
280 313
258 228
241 330
261 326
242 303
257 350
274 372
291 391
275 326
354 293
252 355
202 371
269 419
234 420
259 429
285 436
300 438
390 377
249 428
290 433
301 434
268 458
283 479
271 481
301 463
402 443
307 470
246 533
286 469
319 522
310 558
343 611
368 565
480 572
348 574
354 617
362 601
330 649
330 703
381 729
362 738
598 658
410 784
416 815
407 818
486 921
452 995
494 1061
483 1088
815 1014
578 1245
608 1346
629 1495
671 1617
744 1907
830 2169
991 2594
2243 2796
1517 4266
2267 6284
4351 13321
27907 11318
-3224 -10613
-1432 -5374
-945 -3610
-1720 -2333
-500 -2146
-381 -1718
-333 -1501
-270 -1234
-192 -1131
-114 -989
-133 -851
-436 -659
-46 -732
-66 -644
-25 -605
-91 -562
-22 -469
67 -413
14 -421
-192 -287
24 -358
18 -283
68 -344
42 -283
66 -261
95 -210
127 -215
-58 -169
114 -224
91 -216
126 -184
75 -159
117 -138
131 -92
129 -116
-1 -54
136 -120
167 -167
136 -62
107 -47
95 -110
196 3
151 -78
73 10
162 -53
159 2
153 -40
127 -45
153 -32
184 40
185 -38
84 29
156 -17
149 2
184 -6
196 27
169 18
125 64
185 46
96 69
159 3
207 29
172 66
124 63
210 51
210 76
212 87
137 98
203 50
234 111
197 39
143 79
185 80
213 121
212 71
155 84
192 97
204 92
205 98
166 94
236 72
199 141
219 109
115 97
285 127
219 62
238 112
195 120
199 121
226 149
211 107
131 82
477 447
303 176
231 180
258 110
239 160
284 247
260 149
202 165
384 207
232 171
227 159
237 142
247 166
260 227
298 146
178 172
267 136
230 167
225 157
254 181
266 167
290 215
286 163
220 193
279 172
264 193
249 176
256 211
268 219
293 211
263 205
191 218
268 178
285 170
310 193
204 241
265 238
295 228
294 185
246 217
292 198
321 238
287 220
337 217
294 194
334 267
321 203
245 233
337 210
297 261
297 250
265 248
278 240
328 264
294 269
309 259
351 239
306 286
320 211
299 285
363 253
324 284
337 267
330 267
362 249
365 263
321 274
287 289
441 215
362 307
390 308
350 305
388 299
375 228
406 259
360 305
388 280
372 334
398 283
351 299
415 266
385 297
436 320
388 273
428 316
384 335
402 288
346 303
428 311
463 337
421 309
476 276
433 331
367 332
393 321
371 347
453 364
437 317
458 363
410 354
429 328
469 365
465 348
430 365
470 369
442 380
477 386
494 378
443 369
437 381
504 384
452 422
475 381
469 354
524 405
501 409
521 378
526 430
528 406
476 414
576 398
566 436
594 394
566 417
638 379
603 466
610 462
559 423
640 429
618 447
665 423
718 529
700 488
651 495
718 493
681 471
739 494
707 479
765 481
762 503
759 488
793 565
815 554
763 523
832 539
849 561
888 538
864 568
880 580
929 631
974 652
925 610
1022 640
1016 613
1061 639
1076 630
1119 636
1154 724
1214 688
1168 693
1274 714
1321 746
1379 810
1369 772
1490 810
1525 959
1663 867
1611 898
1831 908
1866 967
2010 1019
2127 1065
2311 1135
2416 1316
2653 1249
2859 1272
3172 1484
3466 1562
4027 1742
4474 1985
5378 2221
6289 2960
8280 3260
11265 4135
18359 6954
-17955 17206
-9439 -26722
-20569 -7343
-12109 -4060
-8185 -3150
-6509 -2040
-5288 -1409
-4411 -1263
-3719 -1013
-3353 -866
-2947 -713
-2645 -632
-2321 -633
-2199 -431
-2063 -340
-1868 -358
-1712 -263
-1596 -257
-1469 -184
-1437 -149
-1301 -187
-1265 -95
-1245 -37
-1120 -31
-1044 -27
-1042 42
-939 -6
-921 58
-856 -7
-857 58
-894 134
-801 109
-737 109
-731 128
-666 166
-682 168
-620 128
-628 200
-645 221
-553 238
-554 234
-536 242
-545 223
-541 277
-456 213
-504 259
-470 301
-435 284
-368 289
-406 296
-385 297
-390 323
-376 283
-377 326
-414 372
-309 320
-384 350
-338 395
-367 348
-249 398
-264 388
-274 434
-315 466
-207 409
-243 382
-235 473
-236 460
-208 465
-194 433
-205 496
-300 501
-159 480
-114 487
-132 533
-210 516
-150 483
-132 490
-163 541
-187 556
-115 531
-98 568
-136 545
-92 573
-58 564
-88 613
-41 611
-121 660
-53 630
-37 599
-71 642
-68 578
10 661
-32 629
142 661
-309 723
9158 1386
-16283 5518
-29 761
-69 745
-12 758
-12 751
-19 741
-101 819
-7 819
0 788
4 777
-32 823
58 883
56 850
17 878
-57 881
43 909
110 883
48 980
92 914
111 949
93 966
98 1027
18 1053
113 1047
144 1018
104 1049
79 1097
177 1100
157 1089
152 1150
68 1159
143 1257
191 1218
151 1262
199 1288
208 1298
185 1298
217 1335
94 1395
220 1405
251 1407
241 1482
260 1486
299 1527
280 1585
318 1617
127 1672
330 1689
356 1680
372 1813
353 1791
357 1843
362 1894
407 1949
254 2053
436 2060
524 2120
477 2208
446 2268
564 2384
573 2437
542 2546
353 2622
645 2730
710 2760
706 2945
705 3039
754 3247
783 3308
856 3477
594 3780
921 3904
1067 4018
1105 4359
1107 4522
1236 4956
1326 5213
1423 5700
992 6189
1706 6692
2051 7141
2087 8121
2280 9011
2730 10339
3050 11840
3751 14182
3112 17574
5977 22557
9092 31198
14732 -11123
2347 -26245
-26820 -1497
-12662 17405
-8241 -29933
-4017 -21786
-4668 -16932
-4038 -13604
-3247 -11797
-2814 -10135
-2592 -9087
-2170 -8029
-2067 -7340
-1312 -6783
-1741 -6206
-1722 -5644
-1525 -5369
-1373 -4913
-1351 -4784
-1202 -4408
-1231 -4222
-788 -4033
-1096 -3828
-1097 -3558
-1016 -3486
-976 -3288
-934 -3240
-886 -3043
-891 -2949
-607 -2848
-793 -2763
-815 -2655
-749 -2594
-667 -2449
-760 -2459
-677 -2334
-668 -2286
-501 -2222
-658 -2195
-652 -2048
-595 -2066
-592 -1994
-622 -1955
-560 -1887
-561 -1885
-420 -1858
-562 -1772
-543 -1702
-521 -1705
-519 -1671
-509 -1640
-461 -1570
-469 -1582
-320 -1571
-452 -1562
-500 -1453
-472 -1449
-428 -1441
-463 -1418
-413 -1368
-400 -1374
-204 -1305
-399 -1337
-461 -1269
-385 -1284
-345 -1311
-390 -1237
-367 -1213
-359 -1230
-281 -1197
-398 -1209
-367 -1169
-403 -1155
-378 -1098
-330 -1142
-311 -1083
-338 -1106
-261 -1082
-303 -1038
-330 -987
-317 -1051
-301 -971
-310 -1006
-269 -989
-296 -971
-262 -1002
-288 -949
-303 -918
-276 -940
-297 -918
-261 -912
-241 -843
-258 -928
-206 -873
-176 -933
-334 -838
-288 -826
-217 -795
-305 -864
-271 -869
-285 -829
-193 -813
-255 -823
-238 -737
-229 -783
-199 -791
-255 -773
-188 -736
-241 -768
-182 -732
-215 -744
-257 -732
-233 -749
-240 -737
-215 -670
-207 -688
-206 -703
-166 -703
-178 -724
-162 -691
-220 -676
-165 -685
-209 -672
-199 -677
-179 -661
-171 -634
-194 -653
-196 -598
-213 -645
-175 -611
-260 -644
-138 -564
-225 -639
-138 -610
-175 -616
-189 -601
-209 -591
-215 -589
-135 -574
-147 -553
-133 -570
-126 -583
-151 -596
-211 -526
-183 -556
-147 -535
-124 -558
-112 -513
-130 -524
-89 -487
-158 -531
-113 -499
-139 -549
-91 -530
-100 -478
-89 -504
-135 -522
-71 -543
-90 -492
-135 -525
-140 -483
-45 -440
-139 -435
-66 -469
-63 -490
-69 -464
-43 -427
-108 -388
-39 -440
-23 -387
-81 -406
-25 -397
-32 -405
28 -366
-13 -336
-39 -307
19 -337
45 -304
76 -309
90 -288
127 -240
205 -209
237 -188
264 10
473 98
749 272
1520 923
8910 7198
-2730 -2658
-1198 -1399
-848 -1045
-640 -1007
-566 -853
-508 -774
-462 -693
-387 -640
-391 -636
-303 -608
-339 -610
-308 -633
-328 -594
-267 -511
-252 -552
-231 -519
-259 -548
-199 -505
-246 -526
-212 -506
-239 -498
-221 -474
-227 -498
-191 -439
-188 -512
-205 -481
-221 -499
-207 -518
-229 -450
-201 -435
-198 -482
-200 -439
-185 -458
-131 -451
-202 -407
-181 -445
-148 -397
-180 -403
-144 -453
-164 -415
-153 -441
-126 -409
-190 -413
-164 -414
-129 -415
-153 -414
-177 -409
-121 -431
-165 -425
-109 -415
-156 -386
-176 -408
-182 -401
-130 -389
-158 -407
-135 -407
-136 -368
-118 -381
-120 -362
-128 -346
-124 -387
-174 -393
-146 -395
-122 -360
-132 -418
-130 -382
-149 -384
-181 -384
-131 -378
-107 -312
-156 -356
-144 -335
-139 -357
-128 -372
-146 -388
-144 -340
-135 -371
-156 -388
-116 -379
-75 -368
-135 -357
-82 -323
-116 -338
-117 -353
-113 -316
-103 -342
-97 -328
-86 -321
-113 -342
-119 -312
-146 -333
-101 -348
-159 -276
-93 -376
-128 -342
-103 -327
-136 -320
-140 -313
-131 -333
-90 -317
-118 -330
-137 -346
-129 -332
-119 -326
-104 -364
-103 -365
-89 -372
-159 -296
-88 -353
-83 -329
-96 -276
-81 -323
-99 -325
-63 -314
-106 -275
-104 -342
-114 -311
-179 -285
-113 -270
-101 -333
-113 -334
-74 -289
-86 -338
-74 -320
-114 -336
-86 -298
-135 -286
-105 -277
-97 -317
-65 -317
-73 -323
-105 -288
-138 -337
-78 -328
-133 -311
-130 -263
-83 -312
-58 -304
-109 -285
-58 -266
-129 -263
-85 -304
-123 -291
-87 -273
-86 -257
-98 -266
-76 -298
-73 -274
-90 -299
-137 -282
-87 -274
-122 -277
-64 -240
-86 -310
-60 -224
-75 -275
-110 -268
-75 -247
-95 -267
-91 -253
-79 -296
-92 -270
-74 -271
-65 -243
-95 -272
-69 -247
-104 -274
-98 -245
-84 -244
-37 -280
-87 -275
-30 -284
-79 -270
-82 -269
-74 -290
-17 -255
-63 -290
-131 -205
-89 -268
-47 -243
-72 -258
-64 -263
-136 -248
-91 -239
-96 -265
-58 -248
-86 -255
-124 -231
-71 -266
-72 -245
-53 -229
-64 -251
-67 -250
-48 -261
-74 -240
-66 -265
-60 -195
-87 -280
-95 -219
-80 -261
-87 -219
-66 -245
-64 -247
-67 -248
-72 -262
-77 -273
-59 -230
-84 -194
-51 -235
-66 -225
-62 -241
-56 -280
-88 -256
-68 -244
-98 -214
-92 -248
-99 -242
-57 -263
-62 -266
-80 -219
-44 -216
-64 -211
-65 -252
-67 -225
-40 -225
-50 -246
-45 -215
-48 -232
-72 -271
-71 -248
-69 -201
-19 -224
-90 -199
-37 -218
-95 -214
-84 -181
-77 -164
-70 -275
-75 -211
-73 -245
-42 -208
-35 -225
-39 -221
-46 -189
-74 -224
-48 -247
-89 -191
-30 -219
-44 -241
-51 -202
-68 -205
-49 -218
-55 -218
-73 -237
-66 -210
-36 -222
-88 -208
-60 -218
-41 -187
-75 -217
-47 -212
-21 -137
-94 -272
-61 -217
-68 -222
-21 -187
-80 -231
-39 -250
-64 -183
-34 -193
-56 -205
-45 -216
-48 -202
-32 -240
-67 -233
-20 -194
-66 -210
-22 -209
-26 -62
-88 -168
-53 -215
-36 -164
-72 -218
-35 -161
-22 -199
-53 -191
-57 -232
-55 -194
-66 -185
-70 -177
-49 -204
-56 -198
-52 -213
-24 -156
-22 -196
-55 -159
-61 -180
-40 -204
-22 -204
-3 -209
-61 -188
-72 -147
-33 -199
-75 -164
-41 -204
-40 -168
-44 -186
-38 -196
-47 -187
-56 -190
-77 -184
-21 -153
-58 -187
-31 -151
-38 -181
-57 -192
-37 -130
-59 -222
-14 -166
-51 -173
-26 -149
-32 -189
-44 -199
-27 -180
3 -203
-33 -191
-75 -197
-54 -195
-43 -191
-52 -151
-51 -174
-70 -143
-59 -186
-49 -173
-27 -195
-82 -132
-27 -149
-22 -179
-43 -168
-61 -148
-54 -181
-40 -171
-45 -193
-32 -148
-82 -177
-53 -183
-48 -170
-47 -204
-53 -186
-61 -212
-50 -151
-8 -158
-50 -160
-30 -174
-47 -145
-66 -169
-25 -182
-30 -155
-57 -190
-54 -145
-48 -197
-48 -157
-62 -185
-5 -135
-39 -167
-58 -166
-18 -183
-6 -151
-3 -152
-45 -156
-35 -166
-23 -140
-19 -171
-52 -155
-96 -157
-72 -168
-49 -128
6 -155
-43 -147
-17 -154
-47 -191
-38 -176
-61 -152
-34 -153
-50 -152
-17 -170
-50 -170
-58 -158
-44 -172
-26 -183
-17 -160
-66 -162
-35 -140
-59 -154
-36 -192
-25 -188
-59 -157
-57 -150
-37 -188
-42 -177
-47 -169
-24 -135
-83 -149
-38 -135
-53 -155
-35 -159
-11 -124
-18 -173
-1 -140
-10 -131
-15 -153
-44 -166
-52 -140
-16 -174
-33 -144
-46 -149
6 -123
-31 -142
-19 -136
-6 -169
-48 -153
13 -99
-59 -94
14 -156
-18 -199
-22 -159
-14 -125
-32 -155
-49 -129
-36 -157
-32 -145
-17 -148
-41 -168
21 -142
-45 -133
-54 -120
-31 -143
-37 -156
-61 -152
-32 -162
-42 -155
-30 -155
-38 -141
-12 -157
-38 -174
-9 -139
-65 -158
-43 -143
-29 -150
-4 -163
-24 -145
-40 -132
-42 -115
-10 -144
-45 -163
-68 -138
-12 -130
18 -140
-27 -141
-25 -146
2 -136
-34 -137
-30 -170
-41 -152
-14 -144
4 -143
-35 -163
-34 -155
-9 -132
-15 -161
5 -134
-78 -153
8 -181
5 -122
-12 -179
-60 -115
-7 -141
0 -159
-23 -140
-19 -140
-35 -187
-15 -117
-18 -153
-81 -112
-27 -135
-32 -103
-25 -144
10 -147
-63 -140
-27 -152
-39 -152
-5 -126
-34 -97
-42 -83
-10 -143
-24 -130
-2 -130
8 -127
-17 -141
-4 -121
-2 -141
-41 -136
-16 -149
-41 -92
-36 -151
-78 -131
14 -94
-18 -91
-22 -121
7 -167
-18 -106
-14 -101
-33 -137
-21 -147
9 -116
6 -134
-70 -121
-25 -150
-30 -142
-11 -113
-1 -162
14 -106
-25 -89
1 -113
-16 -137
-17 -123
1 -145
-31 -99
-40 -136
-18 -111
-18 -87
-19 -157
-24 -95
-10 -132
-6 -90
-33 -82
-13 -135
-15 -140
8 -115
-54 -101
-24 -77
-22 -133
-52 -152
-36 -130
-43 -134
-18 -88
-30 -141
-33 -95
-48 -134
-2 -111
-8 -150
-46 -127
-25 -77
-8 -99
-15 -118
-51 -167
-48 -124
51 -33
3 -71
11 -134
-43 -91
-42 -108
43 -94
-8 -130
-7 -128
144 -210
-20 -111
6 -110
-20 -77
21 -118
-20 -133
11 -117
-34 -143
-28 -122
-7 -137
-5 -133
-14 -106
11 -113
-17 -141
36 -93
30 -91
-11 -109
-29 -100
-2 -68
-6 -102
1 -187
-22 -116
-44 -70
-54 -112
-44 -127
-33 -90
-1 -114
-9 -85
-26 -64
-17 -104
-1 -116
-19 -85
-11 -94
-29 -115
11 -67
-16 -121
-14 -88
-18 -117
-13 -87
-1 -103
-34 -131
-24 -95
-39 -85
0 -99
-29 -105
-39 -102
-9 -97
10 -120
21 -75
-12 -96
-25 -105
-31 -123
-18 -89
-19 -115
-6 -79
19 -97
-7 -121
-26 -113
0 -94
-42 -42
45 -210
21 -111
-14 -97
-19 -118
-12 -109
-33 -93
-48 -84
10 -116
1 -134
-14 -113
46 -63
13 -92
-20 -80
28 -96
-14 -98
-9 -95
63 -122
-11 -109
-4 -52
-15 -82
19 -116
37 -116
-22 -77
22 -116
53 -65
-43 -94
-37 -78
-18 -109
14 -74
2 -79
-24 -63
-30 -89
22 -93
2 -82
-25 -125
-20 -69
-6 -70
-20 -101
-38 -52
0 -70
-10 -93
-48 -128
-18 -83
10 -69
-1 -42
4 -76
0 -52
-11 -39
17 -109
-8 -93
-12 -53
-7 -69
-25 -78
-30 -57
-22 -65
14 -69
-1 -55
9 -85
-21 -91
-21 -96
24 -78
-14 -72
33 -55
5 -35
-8 -58
12 -35
56 -42
-5 -75
15 -33
2 -50
-38 -51
-37 -56
6 -41
-4 -37
8 -63
5 -63
-64 -64
-31 -72
43 -22
-3 -2
38 -68
14 -65
-24 -66
14 -37
29 -44
-41 -52
12 -24
-22 -56
31 -60
8 -66
-2 -25
-11 -43
-69 -53
-30 -57
11 -28
-3 -44
-26 -49
-32 -45
16 -49
0 -67
-19 -57
-22 -7
-39 -31
-9 -53
24 -5
-6 -46
-1 -33
12 -9
1 -30
-15 -1
-8 -35
-25 -69
2 -39
-1 -30
-1 -33
-22 -13
-78 -86
-106 -17
60 -81
43 -92
2 -30
-9229 -781
-29656 13895
26 -36
17 29
46 -12
-63 -72
20 -32
-13 -27
15 -17
29 -19
-17 -34
-17 -38
11 -30
8 -64
-2 -1
16 -18
-29 25
17 -20
-23 -9
-3 -45
0 -28
-11 10
40 -33
28 -3
22 22
-31 -9
19 24
-25 21
-19 -26
-5 15
-19 -5
20 -7
-27 29
17 24
11 18
-3 32
-28 6
17 10
-39 7
32 29
-24 17
-19 49
11 0
-25 5
-22 58
-6 27
16 21
-1 38
29 60
8 44
-29 64
28 16
4 40
-15 11
-28 62
16 21
-17 29
28 62
-25 96
58 42
11 65
-9 81
-20 94
15 42
-8 87
10 92
-25 86
-14 88
-21 102
6 89
-22 129
47 133
-14 143
-31 90
-21 97
16 139
-8 130
-15 136
-12 175
53 146
-22 154
24 170
-12 178
28 193
-28 217
0 230
-1 264
24 256
18 224
33 205
-25 270
1780 -5794
-9244 931
-61 288
-25 283
-13 330
-27 355
-18 318
50 368
-9 378
-33 420
-7 476
-23 500
75 508
-19 562
-9 591
-18 636
13 667
-7 724
29 787
-35 902
85 940
-58 1064
33 1146
-13 1323
-29 1487
-51 1787
-82 2087
-59 2653
168 3385
-115 4823
-137 7989
-652 24311
752 -25098
226 -8483
244 -5037
118 -3694
-114 -2867
64 -2387
14 -1982
63 -1762
42 -1544
46 -1463
26 -1297
34 -1244
-62 -1102
38 -1040
2 -975
70 -950
9 -891
36 -869
67 -808
2 -739
1 -702
7 -747
5 -662
27 -662
-21 -614
24 -619
55 -556
23 -557
-10 -523
31 -537
11 -537
-14 -565
15 -479
-34 -521
25 -483
14 -475
8 -496
42 -465
-21 -415
-36 -420
54 -454
19 -427
20 -374
-18 -432
-18 -387
12 -395
-7 -374
-14 -388
15 -405
0 -390
34 -352
38 -323
-4 -362
7 -408
-22 -349
-17 -359
-5 -398
-24 -375
-45 -335
-310 -528
151 -290
74 -265
7 -305
54 -300
65 -329
48 -321
75 -269
109 -289
-71 -287
-20 -314
16 -285
20 -274
65 -277
-1 -287
27 -301
57 -298
45 -345
22 -283
19 -282
43 -281
11 -234
16 -301
15 -286
51 -254
35 -272
48 -252
31 -248
39 -219
17 -269
40 -277
31 -281
39 -289
18 -263
-28 -257
7 -273
13 -221
34 -212
21 -249
16 -244
23 -215
-29 -201
-14 -199
-28 -220
47 -225
40 -260
15 -256
30 -212
38 -255
36 -251
-6 -257
9 -218
-3 -244
-1 -231
10 -240
25 -196
39 -231
-22 -246
46 -231
-3 -205
107 -251
10 -197
-1 -267
26 -197
-26 -223
7 -191
9 -215
4 -222
45 -236
10 -255
-18 -224
47 -222
-2 -227
-1 -224
1 -199
36 -222
0 -193
-11 -219
-1 -224
6 -218
12 -241
-32 -214
44 -185
19 -171
40 -212
61 -242
33 -234
20 -168
13 -222
43 -197
-2 -215
6 -196
17 -184
-9 -196
22 -209
-13 -183
18 -220
33 -192
31 -196
10 -181
-3 -176
-23 -171
41 -194
65 -186
19 -210
28 -187
48 -209
43 -186
26 -230
25 -181
16 -156
34 -174
-8 -165
27 -157
19 -211
-7 -171
22 -185
4 -169
37 -196
31 -207
16 -160
9 -205
14 -180
39 -196
20 -185
3 -177
19 -173
-6 -171
-20 -187
16 -166
6 -155
50 -214
32 -173
6 -203
-1 -184
18 -165
6 -198
18 -203
42 -149
-7 -141
30 -144
14 -189
39 -179
1 -171
23 -133
24 -204
-19 -165
9 -161
63 -170
20 -179
-8 -185
34 -184
19 -177
12 -163
21 -189
32 -156
-5 -160
3 -162
22 -179
43 -197
14 -170
29 -137
31 -192
32 -167
22 -155
43 -158
40 -158
20 -143
25 -141
-10 -172
49 -177
23 -161
17 -161
23 -157
46 -161
5 -186
13 -139
-4 -157
11 -175
-12 -178
12 -181
15 -140
-3 -140
33 -150
23 -192
3 -176
-29 -152
0 -167
45 -160
-22 -137
25 -165
28 -132
53 -163
32 -155
94 -198
25 -146
8 -142
-4 -165
52 -153
6 -185
17 -193
13 -155
46 -143
-15 -184
-5 -128
24 -212
-8 -174
30 -162
23 -169
4 -119
7 -148
14 -160
8 -161
23 -151
15 -194
12 -146
40 -131
20 -171
23 -163
29 -161
14 -148
17 -185
-18 -149
48 -162
60 -182
13 -169
21 -179
41 -154
23 -140
18 -138
34 -166
18 -151
25 -174
30 -162
44 -146
29 -129
32 -170
48 -179
40 -136
-19 -151
34 -163
33 -167
22 -170
-12 -143
-9 -174
13 -166
26 -181
4 -147
19 -169
23 -171
12 -136
14 -114
-26 -130
40 -156
11 -169
42 -170
28 -183
71 -145
-23 -156
21 -161
15 -150
-14 -166
43 -145
31 -178
43 -157
37 -152
58 -148
45 -151
-1 -136
46 -133
56 -140
-18 -126
11 -156
30 -132
7 -132
5 -169
-16 -168
4 -133
11 -167
42 -110
34 -143
-16 -176
21 -150
-23 -138
45 -154
35 -174
23 -179
44 -153
3 -154
-2 -131
19 -147
26 -135
28 -173
23 -138
26 -164
13 -128
34 -118
46 -119
32 -165
41 -138
28 -136
38 -112
18 -113
51 -125
-26 -112
7 -148
3 -160
-20 -132
54 -116
20 -158
13 -131
24 -160
-4 -125
47 -149
19 -193
8 -145
32 -154
55 -146
51 -126
6 -152
0 -157
4 -130
29 -137
3 -159
2 -131
3 -138
12 -152
22 -117
27 -152
-11 -108
8 -129
41 -116
35 -134
40 -139
30 -166
5 -131
4 -140
20 -136
13 -159
19 -114
38 -126
21 -140
35 -135
65 -170
1 -176
-2 -151
24 -131
46 -113
4 -161
65 -139
15 -133
7 -121
15 -149
19 -145
59 -143
27 -109
10 -141
42 -80
54 -164
9 -185
11 -181
52 -142
19 -152
33 -164
44 -119
47 -120
22 -145
28 -155
45 -135
-8 -110
13 -125
3 -101
15 -101
14 -157
11 -137
-10 -114
48 -134
21 -153
-33 -103
49 -197
41 -148
37 -119
15 -142
-18 -109
40 -155
20 -139
13 -140
38 -158
46 -119
2 -152
9 -139
66 -130
17 -134
42 -158
22 -136
43 -147
34 -137
13 -156
37 -119
17 -112
27 -176
24 -136
22 -160
6 -178
10 -124
-14 -134
3 -164
53 -117
-12 -135
40 -168
15 -166
41 -126
12 -161
33 -130
20 -142
-3 -107
57 -126
24 -149
4 -169
34 -163
25 -145
32 -88
-21 -131
19 -76
26 -138
-10 -179
11 -138
-10 -183
45 -138
34 -182
11 -129
59 -149
25 -153
2 -149
-1 -162
62 -109
50 -135
37 -154
24 -186
41 -113
24 -187
24 -134
18 -140
-12 -147
34 -117
20 -111
26 -149
35 -143
90 -74
-2 -150
16 -188
22 -151
25 -152
12 -181
18 -141
-46 -163
33 -140
-17 -148
18 -159
34 -146
47 -159
43 -153
-2 -155
34 -147
31 -166
3 -112
27 -140
39 -148
25 -137
-19 -186
8 -181
46 -136
1 -156
12 -213
20 -160
-9 -158
21 -131
36 -176
12 -145
6 -133
-5 -149
38 -127
30 -140
14 -156
23 -159
39 -114
36 -189
15 -139
44 -133
28 -149
8 -118
38 -129
12 -146
-6 -125
0 -157
41 -102
47 -123
36 -163
30 -138
37 -160
22 -154
9 -137
9 -138
-1 -150
23 -178
27 -132
16 -158
19 -173
28 -178
-1 -165
51 -142
-14 -135
35 -168
27 -132
-18 -143
57 -146
-3 -174
35 -161
47 -142
24 -148
11 -178
40 -107
28 -157
1 -136
2 -134
18 -147
41 -152
13 -164
37 -182
50 -167
5 -131
15 -137
16 -148
6 -117
12 -137
30 -156
56 -185
51 -122
19 -172
12 -143
51 -145
5 -123
49 -156
15 -193
2 -157
1 -160
24 -123
38 -190
13 -136
-14 -158
76 -170
91 -189
11 -177
67 -153
23 -187
19 -126
22 -164
-9 -138
59 -125
6 -125
51 -155
63 -152
75 -155
-9 -146
21 -178
40 -178
57 -150
16 -157
50 -169
60 -131
36 -153
38 -179
19 -185
33 -144
33 -156
42 -157
42 -184
46 -150
9 -148
10 -139
37 -151
-4 -165
36 -141
30 -165
20 -173
36 -165
25 -162
2 -159
27 -160
22 -159
6 -171
-27 -171
27 -189
25 -202
42 -174
73 -144
26 -183
32 -181
17 -172
5 -134
4 -157
-10 -123
40 -174
37 -172
19 -174
45 -175
70 -162
0 -191
3 -147
87 -181
37 -166
7 -163
67 -158
51 -122
46 -148
6 -164
40 -191
-5 -145
33 -183
22 -196
42 -143
27 -167
29 -161
-6 -192
41 -123
26 -141
48 -169
27 -167
25 -176
5 -167
11 -177
56 -129
48 -172
-14 -185
10 -151
27 -166
44 -147
70 -201
46 -178
32 -202
16 -145
49 -193
17 -154
37 -179
26 -154
34 -169
48 -224
50 -147
58 -166
50 -153
98 -165
9 -177
3 -159
14 -140
11 -219
51 -164
7 -185
35 -171
25 -184
55 -227
48 -189
0 -184
13 -190
-11 -213
57 -222
42 -141
16 -201
-2 -182
37 -192
30 -170
87 -195
-9 -193
24 -128
22 -182
21 -173
13 -164
38 -189
23 -201
53 -190
22 -166
-4 -186
26 -202
36 -134
32 -194
14 -198
6 -203
36 -205
35 -194
48 -206
9 -169
-10 -227
58 -215
-79 -205
38 -229
52 -162
75 -201
36 -205
31 -225
35 -232
21 -191
23 -197
34 -225
69 -208
27 -221
37 -222
45 -243
52 -223
37 -251
44 -226
16 -238
46 -202
13 -177
8 -208
25 -224
68 -236
48 -231
5 -209
32 -220
33 -228
34 -220
34 -248
12 -237
-8 -238
29 -252
37 -220
37 -266
4 -226
53 -199
19 -227
15 -266
-27 -272
40 -251
26 -243
21 -251
23 -275
-10 -238
9 -267
-19 -286
14 -256
26 -262
11 -206
26 -245
-18 -297
-29 -248
98 -286
49 -297
19 -282
69 -270
35 -286
3 -289
-3 -312
-23 -214
221 -652
62 -359
61 -349
13 -309
49 -326
39 -377
11 -362
53 -349
39 -343
29 -334
58 -388
26 -349
52 -365
45 -390
75 -371
15 -349
39 -387
15 -385
60 -403
42 -401
2 -436
7 -440
29 -462
54 -397
33 -466
42 -452
45 -461
35 -459
33 -452
26 -506
4 -546
90 -540
34 -548
31 -569
69 -582
-8 -640
18 -626
23 -641
41 -655
82 -685
14 -749
-4 -793
19 -844
26 -857
-4 -932
11 -925
6 -1059
74 -1045
5 -1224
-52 -1250
27 -1422
-10 -1540
2 -1757
7 -2054
-61 -2350
198 -2826
-64 -3680
-189 -5028
-163 -8453
-735 -25048
709 24321
178 8060
174 4835
-144 3381
121 2642
118 2131
103 1808
90 1515
108 1349
62 1162
90 1091
-64 940
55 919
75 848
63 759
50 698
84 653
46 601
50 538
54 539
35 511
59 478
57 452
43 411
75 370
28 386
40 387
52 357
42 335
43 337
9254 972
-1795 -5788
25 281
59 273
40 254
42 255
47 221
53 245
59 197
32 206
46 225
18 223
30 197
14 208
73 204
53 177
27 205
34 189
48 158
44 120
49 181
1 130
58 135
34 101
75 127
50 134
36 147
19 137
55 134
7 91
48 108
30 101
39 81
27 122
67 98
29 74
80 106
3 72
57 87
32 89
36 81
1 89
5 118
56 88
25 63
20 85
36 107
49 82
88 85
50 82
14 45
45 57
9 53
42 84
81 73
46 41
54 60
38 42
75 58
30 20
44 34
21 57
66 26
41 62
51 42
18 68
14 31
49 33
50 33
35 50
44 29
20 -4
27 20
59 -2
65 19
41 14
54 6
46 -9
43 46
34 41
30 8
37 5
23 15
20 11
36 1
-2 -8
61 48
10 44
67 9
18 -6
30 -19
29803 13937
9290 -667
44 -47
85 -27
133 4
-48 -6
26 -4
63 3
2 -5
38 -23
40 -25
53 4
78 9
15 -30
64 -8
55 5
55 -49
57 -32
50 6
81 2
50 -1
62 6
61 -28
62 10
62 16
10 -18
14 17
27 -3
-15 -2
67 -23
45 -23
31 28
45 -27
38 -9
27 -40
60 -2
29 -74
62 -39
34 -26
37 -14
52 -38
62 -11
-10 -29
33 -1
60 -22
42 -28
51 -66
15 -23
69 -35
25 -44
25 16
59 -16
46 -11
30 -6
76 1
46 -49
16 -43
27 -6
21 -30
52 -52
40 -9
111 1
41 9
37 -48
35 -39
38 -29
63 -47
29 -16
21 -9
26 -53
25 -5
27 -55
14 -18
32 -38
-3 7
48 -28
53 -26
53 -36
24 -23
9 -43
61 -53
78 -22
-1 -23
88 -31
64 -56
36 -51
51 -50
34 -4
65 -76
5 -76
59 -23
66 4
24 -73
78 -31
56 -10
18 -32
85 -73
-1 -62
49 -37
59 -65
67 -45
57 -61
110 -69
33 -59
79 -81
45 -77
2 -52
59 -52
72 -44
49 -6
23 -32
23 -13
74 -29
17 -44
17 -4
54 -65
60 -39
82 -44
44 -39
44 -74
63 -73
7 -82
9 -137
55 17
49 -48
44 -27
46 -46
47 -53
13 -53
22 4
12 -66
57 -37
42 -24
49 -78
13 -53
65 -65
27 -29
91 -80
61 -87
47 -72
32 -25
43 -24
3 -44
63 -58
55 -49
48 -74
58 -53
42 -78
65 -35
62 -63
57 -49
71 -55
55 -74
48 -68
19 -74
29 -44
9 -87
82 -38
37 -55
66 -59
63 -30
73 -49
16 -53
65 -56
61 -58
55 -65
74 -62
21 -30
55 -65
43 -22
25 -61
72 -41
44 -66
31 -62
49 -107
55 -91
61 -92
40 -95
44 -62
35 -84
55 -59
61 -74
-172 -94
67 -88
101 -52
108 -77
36 -54
62 -114
46 -93
56 -75
146 -105
-30 -39
40 -48
58 -63
1 -92
49 -56
49 -38
69 -48
84 -67
14 -92
45 -95
48 -76
17 -73
33 -58
37 -97
12 -66
42 -74
45 -96
5 -70
69 -30
39 -81
46 -74
41 -87
21 -67
73 -70
67 -96
31 -67
72 -86
62 -73
49 -82
55 -35
56 -85
39 -75
56 -77
52 -63
64 -51
14 -61
49 -53
48 -75
56 -91
38 -94
65 -67
53 -50
69 -103
27 -55
25 -83
67 -49
70 -58
82 -100
18 -71
50 -65
72 -73
83 -119
42 -68
58 -61
50 -66
20 -70
100 -65
98 -83
52 -65
48 -32
42 -72
58 -120
63 -80
73 -40
33 -64
99 -58
12 -88
54 -93
65 -125
50 -62
78 -82
46 -112
83 -101
32 -62
48 -35
19 -58
85 -109
60 -77
82 -86
33 -133
91 -98
47 -56
33 -118
34 -35
17 -48
87 -94
66 -27
61 -40
27 -66
29 -108
36 -92
61 -101
72 -114
72 -57
31 -57
8 -93
26 -98
33 -54
37 -88
27 -34
66 -68
85 -69
53 -84
51 -102
42 -69
31 -81
66 -98
15 -73
67 -95
41 -76
82 -101
26 -44
14 -87
63 -111
75 -78
43 -75
65 -118
64 -67
70 -120
68 -72
64 -42
22 -76
57 -92
49 -81
51 -103
65 -91
61 -89
15 -40
70 -107
94 -64
49 -63
76 -69
55 -62
52 -70
61 -93
42 -60
27 -113
47 -110
81 -101
47 -83
50 -85
58 -80
52 -114
49 -114
48 -79
83 -106
49 -76
52 -95
44 -82
32 -146
70 -114
39 -83
78 -84
91 -79
49 -103
75 -77
51 -96
58 -50
48 -95
95 -95
47 -106
51 -93
32 -80
72 -81
46 -96
89 -78
51 -111
52 -80
85 -102
50 -93
58 -62
23 -85
93 -86
47 -93
79 -112
67 -73
64 -106
28 -103
54 -92
27 -75
84 -161
62 -96
78 -101
54 -79
61 -106
68 -115
81 -115
36 -99
39 -100
34 -111
40 -96
84 -95
58 -61
63 -50
23 -115
38 -97
75 -119
50 -141
74 -117
9 -92
22 -100
61 -77
65 -140
68 -112
67 -115
114 -139
50 -91
34 -102
52 -108
68 -136
74 -88
42 -110
67 -118
53 -89
60 -102
54 -113
58 -122
70 -131
35 -136
45 -103
54 -103
86 -114
63 -107
74 -112
52 -115
91 -94
67 -147
57 -102
46 -105
99 -98
53 -140
74 -129
69 -50
76 -73
75 -115
37 -103
46 -104
101 -115
61 -117
56 -117
50 -124
44 -129
83 -135
66 -141
50 -109
91 -122
74 -111
69 -94
57 -104
57 -107
4 -142
12 -104
46 -144
60 -128
39 -99
57 -129
61 -126
97 -129
84 -86
79 -125
62 -142
91 -121
88 -105
67 -172
86 -113
20 -121
66 -107
37 -124
86 -166
28 -124
121 -105
78 -106
72 -90
90 -149
78 -116
36 -84
71 -121
104 -106
98 -222
31 -95
64 -127
93 -141
37 -126
19 -146
64 -123
64 -123
97 -162
76 -114
80 -121
80 -172
48 -148
49 -109
55 -140
54 -146
80 -170
37 -77
57 -124
34 -151
75 -151
65 -108
71 -100
40 -144
28 -118
74 -136
61 -125
72 -146
75 -124
81 -131
86 -99
61 -129
54 -111
59 -128
59 -140
53 -190
16 -156
75 -119
114 -119
38 -115
52 -147
91 -148
55 -91
39 -141
57 -141
38 -137
41 -125
64 -131
67 -132
50 -115
81 -126
27 -163
97 -143
52 -124
81 -125
62 -123
77 -148
57 -128
18 -141
60 -121
55 -179
32 -134
54 -165
81 -119
86 -152
65 -138
53 -198
87 -178
86 -119
48 -124
62 -140
90 -130
61 -123
116 -119
65 -140
72 -169
47 -148
66 -153
64 -163
78 -149
70 -161
11 -117
63 -169
60 -126
72 -149
66 -139
65 -184
107 -168
107 -172
97 -136
59 -145
84 -205
124 -165
42 -150
65 -190
110 -139
95 -127
71 -154
99 -165
100 -142
49 -152
78 -81
76 -196
67 -176
50 -182
114 -158
98 -176
98 -177
83 -166
36 -178
61 -146
87 -142
96 -152
65 -180
63 -177
73 -146
67 -182
78 -175
53 -185
86 -181
67 -165
46 -165
85 -183
107 -165
85 -180
84 -209
97 -194
76 -155
63 -137
82 -154
80 -216
78 -186
87 -192
52 -159
84 -167
91 -200
131 -200
74 -231
94 -209
129 -187
67 -168
82 -168
78 -165
70 -191
70 -165
62 -191
83 -143
90 -199
110 -197
59 -216
87 -232
109 -176
77 -183
76 -220
75 -219
111 -226
79 -166
96 -210
82 -191
86 -189
88 -177
142 -207
86 -216
121 -209
99 -214
43 -213
119 -212
92 -185
92 -173
98 -226
80 -211
126 -216
109 -235
70 -206
38 -170
108 -240
79 -235
83 -214
114 -188
76 -201
104 -222
29 -228
64 -204
146 -215
95 -209
96 -271
97 -246
113 -255
75 -264
42 -261
78 -227
89 -200
96 -247
134 -245
137 -277
110 -235
99 -242
77 -230
75 -235
103 -241
86 -247
93 -264
117 -275
118 -213
107 -230
50 -251
89 -266
59 -216
107 -222
43 -236
126 -271
80 -285
72 -253
74 -270
108 -290
132 -261
127 -227
78 -245
122 -281
129 -272
94 -297
89 -306
126 -273
110 -291
134 -254
120 -263
104 -289
111 -263
150 -282
84 -331
137 -315
141 -309
149 -296
126 -288
134 -291
129 -312
126 -290
81 -327
111 -308
142 -296
121 -323
111 -345
150 -371
83 -295
147 -287
125 -321
146 -340
158 -335
140 -345
155 -367
118 -323
202 -366
182 -372
155 -348
123 -321
159 -336
238 -369
212 -381
166 -375
196 -431
182 -378
164 -370
213 -368
230 -390
234 -391
271 -391
226 -448
272 -477
312 -494
240 -485
317 -517
384 -543
405 -572
467 -657
548 -662
575 -823
861 -921
1207 -1290
2755 -2469
-9124 7100
-1573 1026
-836 368
-519 150
-322 136
-282 -11
-272 -74
-170 -101
-153 -150
-118 -183
-103 -201
-48 -211
-36 -178
-31 -249
-103 -267
-10 -266
-13 -247
13 -267
14 -289
-12 -281
63 -299
67 -380
-26 -292
26 -294
21 -317
30 -328
62 -336
22 -344
36 -311
67 -356
-77 -354
27 -351
78 -386
43 -382
53 -380
65 -409
87 -354
65 -387
-29 -451
18 -383
70 -394
32 -413
61 -401
85 -413
90 -407
92 -401
39 -427
100 -433
85 -399
103 -414
111 -473
110 -416
151 -459
122 -474
131 -501
77 -481
80 -517
149 -481
90 -475
107 -497
119 -465
94 -475
52 -526
110 -466
83 -518
149 -501
120 -537
119 -524
182 -497
131 -575
66 -560
108 -556
129 -530
126 -575
136 -593
167 -572
160 -574
138 -576
48 -628
131 -603
121 -600
173 -635
132 -628
133 -638
197 -612
115 -644
58 -675
136 -678
153 -637
157 -694
171 -646
130 -699
140 -746
238 -645
104 -705
194 -731
168 -707
200 -730
155 -765
176 -775
210 -784
174 -781
118 -814
216 -792
176 -765
262 -866
220 -869
230 -873
237 -872
226 -892
98 -896
249 -891
221 -945
248 -941
274 -955
251 -1001
281 -928
266 -1023
164 -1015
218 -1015
269 -1027
307 -1071
219 -1083
311 -1108
320 -1150
320 -1154
97 -1133
297 -1177
258 -1150
320 -1205
282 -1264
323 -1313
363 -1301
346 -1348
208 -1393
331 -1406
344 -1375
400 -1455
334 -1445
409 -1521
462 -1540
371 -1624
255 -1680
447 -1672
460 -1650
484 -1785
458 -1816
462 -1869
547 -1890
531 -1988
314 -2062
556 -2082
545 -2142
630 -2266
568 -2297
609 -2391
707 -2387
648 -2587
479 -2654
755 -2742
728 -2843
808 -3027
836 -3101
868 -3283
931 -3357
906 -3615
635 -3839
1101 -4031
1072 -4211
1210 -4504
1197 -4721
1352 -5141
1553 -5428
1615 -5997
1146 -6613
1931 -7089
2024 -7787
2369 -8800
2703 -9909
3138 -11579
3974 -13386
4548 -16663
3932 -21565
8113 -29656
12672 17642
27045 -1145
-3162 -26213
-15082 -10946
-9395 31433
-6294 22668
-3371 17778
-4036 14410
-3275 12023
-2999 10545
-2589 9189
-2369 8328
-2253 7356
-1935 6834
-1246 6446
-1708 5879
-1504 5440
-1513 5169
-1357 4768
-1337 4583
-1353 4279
-1228 4146
-843 3982
-1120 3763
-996 3549
-1054 3432
-975 3229
-975 3200
-981 3033
-917 2984
-631 2893
-845 2779
-770 2675
-831 2629
-707 2520
-721 2438
-769 2370
-728 2294
-485 2300
-707 2199
-634 2155
-636 2113
-665 2047
-665 2000
-655 1945
-602 1932
-478 1907
-582 1879
-563 1828
-603 1786
-574 1762
-553 1730
-554 1684
-570 1708
-433 1663
-568 1644
-524 1617
-533 1575
-554 1548
-535 1514
-518 1526
-463 1537
-429 1433
-508 1430
-497 1410
-504 1373
-470 1400
-483 1382
-508 1320
-487 1326
-376 1325
-470 1317
-445 1295
-470 1257
-459 1238
-529 1249
-496 1157
-450 1228
-385 1176
-470 1195
-431 1180
-474 1162
-464 1156
-494 1166
-500 1161
-466 1119
-360 1114
-479 1086
-474 1134
-478 1090
-483 1067
-521 1020
15710 5830
-9750 1777
-593 1078
-311 1005
-399 1032
-437 1047
-422 1010
-458 1010
-443 958
-457 966
-411 1014
-471 1008
-429 1018
-491 962
-437 905
-460 964
-487 939
-491 956
-437 967
-507 970
-495 942
-536 942
-533 960
-485 933
-481 869
-521 939
-446 891
-517 935
-530 917
-575 899
-517 913
-598 911
-534 878
-564 907
-518 931
-570 898
-546 923
-632 873
-556 892
-581 890
-578 868
-594 905
-612 897
-638 886
-606 934
-654 876
-618 915
-692 914
-671 857
-660 901
-663 878
-768 901
-735 940
-741 919
-717 930
-765 916
-787 882
-860 943
-799 878
-851 931
-838 977
-871 961
-939 921
-914 913
-981 937
-1038 971
-973 947
-1072 969
-1060 1010
-1170 1035
-1205 1001
-1240 1022
-1302 1026
-1361 1059
-1366 1082
-1488 1098
-1502 1183
-1642 1121
-1719 1204
-1834 1262
-1923 1249
-2080 1310
-2184 1324
-2398 1433
-2538 1572
-2859 1552
-3070 1729
-3525 1859
-3971 1932
-4624 2207
-5433 2353
-6726 2956
-8377 4052
-12320 4953
-20749 8185
-9652 27582
-18109 -16311
18202 -6029
11163 -3153
8149 -2325
6137 -2091
5226 -1330
4340 -1109
3844 -848
3275 -671
3003 -547
2755 -383
2529 -346
2229 -439
2132 -267
1947 -234
1863 -161
1743 -140
1638 -93
1615 -26
1497 -62
1363 -66
1344 60
1199 22
1217 73
1145 91
1134 95
1067 171
1037 93
988 105
990 129
915 125
881 163
868 124
841 185
818 218
809 219
801 159
804 217
716 202
753 217
688 210
713 226
692 248
680 229
626 167
654 229
627 216
599 250
609 243
570 228
597 286
517 285
514 232
578 293
555 217
521 307
502 261
529 273
508 315
496 265
487 261
503 317
498 302
453 318
444 257
460 272
423 292
444 301
433 294
399 319
414 320
418 303
399 291
455 320
422 348
400 315
444 330
366 355
371 301
406 292
397 314
347 306
338 334
349 302
357 281
352 329
354 328
335 314
347 308
342 287
295 339
350 340
259 344
365 292
312 321
323 300
295 353
327 322
325 346
343 342
310 313
342 351
285 366
328 364
253 327
320 300
256 326
270 335
287 319
291 339
265 371
316 355
272 337
293 364
253 323
298 338
251 337
174 306
295 356
294 351
251 371
247 313
268 363
236 371
240 320
248 339
264 366
244 391
246 337
245 320
280 337
210 372
248 355
280 357
245 369
214 382
242 349
241 339
201 361
229 393
234 348
229 369
261 381
249 374
204 369
218 361
210 382
191 345
252 353
189 349
192 372
197 364
221 418
228 371
183 353
204 416
211 359
211 368
216 359
208 385
181 376
212 342
198 331
233 351
204 362
207 395
179 377
219 381
201 351
234 335
171 416
225 369
166 361
175 387
240 360
210 367
209 382
87 458
167 346
197 374
197 386
177 388
232 411
223 398
218 369
451 103
106 504
147 453
172 453
162 420
197 392
192 434
184 409
196 437
94 433
129 433
177 409
178 471
175 474
195 458
160 462
170 456
116 442
213 441
166 437
197 452
152 430
200 435
205 431
183 434
130 406
184 487
178 471
157 473
129 469
140 510
175 479
164 443
64 472
138 526
179 529
123 515
157 478
153 472
154 486
170 536
76 531
131 536
144 536
152 520
139 555
98 514
106 533
106 576
43 567
158 585
139 601
142 510
148 543
135 604
113 626
140 615
-2 583
121 599
83 607
78 638
82 652
90 662
68 642
95 715
-54 680
36 731
99 741
61 782
49 759
53 832
20 806
53 863
-185 812
11 941
15 950
-30 1050
-67 1007
-61 1084
-54 1095
-60 1232
-428 1186
-117 1372
-134 1418
-189 1584
-241 1701
-280 1952
-400 2179
-545 2627
-1726 2836
-986 4177
-1448 5892
-3241 11142
27933 -10844
4361 -12870
2273 -5778
1521 -3789
2292 -2321
969 -2116
824 -1701
783 -1397
700 -1121
626 -1039
617 -908
594 -790
897 -550
510 -592
482 -531
490 -479
469 -446
446 -374
406 -338
424 -293
621 -189
398 -266
401 -204
409 -172
382 -154
386 -140
384 -126
323 -151
522 -18
332 -123
357 -103
343 -27
382 -27
314 -20
359 -20
323 -14
424 48
334 33
324 58
349 71
383 43
330 41
321 76
354 84
424 111
309 96
349 96
286 115
337 94
281 152
318 111
334 96
419 167
348 144
346 136
273 185
355 160
242 114
339 104
359 169
419 154
285 142
286 219
266 195
346 189
298 243
347 183
307 221
409 271
279 241
313 239
299 297
363 227
320 171
374 234
340 242
373 263
291 217
338 290
257 356
379 278
226 343
383 246
372 313
412 287
317 347
320 494
337 511
443 481
331 393
522 287
477 511
406 250
