T 7865600 ps
408 250 254 155 314 181 256 179 
T 7868800 ps
373 158 321 186 363 122 378 128 
T 7872 ns
443 86 455 24 462 -17 476 -15 
T 7875200 ps
516 -65 568 -75 629 -137 682 -225 
T 7878400 ps
780 -306 867 -464 1032 -616 1253 -846 
T 7881600 ps
1585 -1217 2267 -1911 4017 -3788 20388 -20905 
T 7884800 ps
-6442 7202 -2740 3312 -1715 2251 -1263 1756 
T 7888 ns
-976 1446 -826 1280 -669 1139 -576 1035 
T 7891200 ps
-483 969 -450 912 -399 853 -362 805 
T 7894400 ps
-328 762 -324 732 -294 720 -270 689 
T 7897600 ps
-230 674 -234 655 -214 637 -210 646 
T 7900800 ps
-213 617 -235 643 -243 608 -77 587 
T 7904 ns
-99 589 -116 560 -111 577 -130 559 
T 7907200 ps
-103 554 -113 556 -100 549 -110 549 
T 7910400 ps
-99 538 -102 541 -90 530 -91 543 
T 7913600 ps
-92 523 -83 535 -79 550 -42 530 
T 7916800 ps
-71 521 -57 537 -47 531 -56 551 
T 7920 ns
-48 541 -67 561 -66 532 -39 547 
T 7923200 ps
-53 538 -54 546 -59 568 -40 569 
T 7926400 ps
-52 570 -42 574 -34 586 -29 587 
T 7929600 ps
-39 583 -11 590 -30 605 -50 624 
T 7932800 ps
-24 650 -17 635 -14 656 -16 703 
T 7936 ns
-4 719 3 768 -5 845 3 985 
T 7939200 ps
57 1392 -2412 -25316 -70 -148 -43 228 
T 7942400 ps
-21 374 -26 449 -6 497 -11 542 
T 7945600 ps
-23 557 -7 575 0 593 32 632 
T 7948800 ps
20 642 22 661 14 681 19 709 
T 7952 ns
31 718 23 767 31 802 28 808 
T 7955200 ps
58 840 51 854 43 877 63 920 
T 7958400 ps
87 911 46 1037 69 1059 79 1079 
T 7961600 ps
79 1133 80 1211 107 1280 105 1333 
T 7964800 ps
128 1400 122 1510 131 1619 178 1741 
T 7968 ns
180 1877 209 2061 239 2227 264 2521 
T 7971200 ps
324 2812 383 3250 455 3849 572 4685 
T 7974400 ps
765 6006 1097 8376 1889 14068 6092 -20783 
T 7977600 ps
-5203 28205 -1865 -13101 -1165 -7928 -844 -5647 
T 7980800 ps
-672 -4385 -538 -3583 -460 -3022 -417 -2626 
T 7984 ns
-381 -2295 -339 -2044 -322 -1853 -266 -1664 
T 7987200 ps
-285 -1527 -250 -1423 -266 -1291 -239 -1237 
T 7990400 ps
-216 -1145 -208 -1076 -208 -1010 -188 -973 
T 7993600 ps
-196 -911 -181 -856 -172 -846 -222 -779 
T 7996800 ps
-163 -730 -181 -722 -156 -705 -156 -660 
T 8 us
-150 -649 -147 -614 -135 -585 -155 -564 
T 8003200 ps
-169 -553 -121 -536 -137 -490 -153 -489 
T 8006400 ps
-125 -481 -149 -462 -122 -454 -131 -457 
T 8009600 ps
-142 -429 -143 -413 -149 -408 -162 -389 
T 8012800 ps
-185 -361 -299 -358 3114 -926 104 -389 
T 8016 ns
3 -369 -40 -347 -59 -365 -51 -345 
T 8019200 ps
-60 -322 -68 -314 -70 -299 -55 -316 
T 8022400 ps
-54 -289 -59 -302 -80 -284 -73 -276 
T 8025600 ps
-73 -275 -34 -269 -62 -257 -58 -258 
T 8028800 ps
-78 -239 -85 -231 -77 -267 -50 -255 
T 8032 ns
-79 -213 -72 -215 -62 -236 -60 -220 
T 8035200 ps
-67 -220 -78 -210 -53 -212 -73 -222 
T 8038400 ps
-94 -222 -61 -201 -57 -210 -42 -199 
T 8041600 ps
-57 -213 -70 -190 -79 -193 -66 -192 
T 8044800 ps
-86 -187 -51 -200 -63 -176 -57 -167 
T 8048 ns
-69 -203 -68 -180 -48 -173 -86 -178 
T 8051200 ps
-55 -167 -58 -180 -65 -144 -60 -157 
T 8054400 ps
-67 -153 -66 -155 -39 -148 -54 -173 
T 8057600 ps
-33 -149 -46 -155 -29 -143 -57 -140 
T 8060800 ps
-59 -146 -50 -141 -42 -140 -37 -125 
T 8064 ns
-57 -140 -85 -140 -16 -137 -37 -126 
T 8067200 ps
-58 -138 -55 -127 -63 -121 -59 -142 
T 8070400 ps
-32 -116 -44 -148 -38 -119 -49 -109 
T 8073600 ps
-58 -93 -58 -113 -41 -123 -62 -113 
T 8076800 ps
-44 -111 -42 -106 -48 -110 -36 -107 
T 8080 ns
-43 -130 -50 -92 -53 -96 -29 -108 
T 8083200 ps
-34 -104 -54 -95 -49 -103 -52 -97 
T 8086400 ps
-38 -102 -50 -95 -54 -104 -50 -83 
T 8089600 ps
-45 -80 -34 -95 -33 -98 -40 -84 
T 8092800 ps
-36 -102 -41 -102 -60 -86 -51 -77 
T 8096 ns
-28 -106 -26 -96 -46 -105 -37 -85 
T 8099200 ps
-33 -71 -31 -71 -49 -87 -43 -108 
T 8102400 ps
-40 -85 -26 -74 -18 -80 -45 -80 
T 8105600 ps
-37 -77 -24 -80 -44 -68 -34 -106 
T 8108800 ps
-43 -68 -35 -79 -42 -62 -34 -67 
T 8112 ns
-58 -61 -52 -71 -36 -100 -37 -84 
T 8115200 ps
-66 -68 -35 -71 -53 -71 -52 -40 
T 8118400 ps
-35 -69 -59 -77 -34 -89 -39 -74 
T 8121600 ps
-34 -72 -37 -72 -34 -52 -11 -45 
T 8124800 ps
-38 -41 -48 -59 -17 -44 11 -102 
T 8128 ns
-7 -63 -40 -51 -19 -67 -16 -64 
T 8131200 ps
-20 -65 -57 -67 -32 -60 -47 -56 
T 8134400 ps
-25 -51 -43 -54 -24 -34 -23 -39 
T 8137600 ps
-43 -44 -23 -54 -10 -79 -26 -51 
T 8140800 ps
-37 -45 -26 -38 -5 -61 -31 -45 
T 8144 ns
-7 -38 -46 -43 -13 -42 -29 -49 
T 8147200 ps
-20 -33 -21 -48 -23 -18 -23 -35 
T 8150400 ps
-19 -38 -11 -49 -20 -26 -23 -31 
T 8153600 ps
-15 -16 -19 -23 -31 -26 -9 -33 
T 8156800 ps
-18 -12 -4 -17 -11 -28 -15 -29 
T 8160 ns
-18 -11 -26 -4 -17 2 5 -18 
T 8163200 ps
15 47 7 -21 -8 12 -26 1 
T 8166400 ps
-22 29 1 21 -5 35 -18 24 
T 8169600 ps
-10 38 0 39 6 28 4 48 
T 8172800 ps
16 64 -9 54 14 73 2 92 
T 8176 ns
-2 107 46 127 2 122 38 125 
T 8179200 ps
26 187 39 213 41 221 39 248 
T 8182400 ps
40 312 96 356 108 440 131 561 
T 8185600 ps
191 757 282 1122 462 1960 1716 6867 
T 8188800 ps
-1301 -5170 -509 -1950 -314 -1258 -262 -922 
T 8192 ns
-179 -727 -173 -603 -130 -533 -141 -481 
T 8195200 ps
-108 -431 -107 -395 -99 -379 -90 -363 
T 8198400 ps
-96 -345 -93 -311 -135 -363 -49 -259 
T 8201600 ps
-86 -268 -58 -277 -62 -230 -56 -218 
T 8204800 ps
-67 -225 -55 -227 -50 -226 -64 -200 
T 8208 ns
-64 -218 -63 -199 -44 -216 -70 -179 
T 8211200 ps
-46 -188 -53 -162 -48 -194 -37 -174 
T 8214400 ps
-47 -174 -52 -170 -45 -193 -43 -172 
T 8217600 ps
-63 -162 -55 -159 -43 -176 -38 -154 
T 8220800 ps
-37 -146 -70 -174 -39 -162 -53 -156 
T 8224 ns
-56 -165 -27 -150 -35 -171 -53 -145 
T 8227200 ps
-36 -156 -44 -160 -50 -151 -28 -163 
T 8230400 ps
-36 -150 -35 -154 -45 -152 -41 -138 
T 8233600 ps
-53 -133 -41 -133 -33 -142 -37 -140 
T 8236800 ps
-30 -147 -29 -137 -21 -133 -36 -132 
T 8240 ns
-32 -148 -40 -140 -52 -121 -37 -149 
T 8243200 ps
-55 -110 -64 -133 -35 -105 -34 -123 
T 8246400 ps
-33 -145 -23 -134 -44 -130 -44 -122 
T 8249600 ps
-40 -141 -25 -145 -47 -129 -40 -130 
T 8252800 ps
-22 -142 -35 -136 -46 -147 -38 -133 
T 8256 ns
-42 -131 -14 -137 -35 -140 -31 -120 
T 8259200 ps
-33 -142 -48 -133 -26 -138 -63 -149 
T 8262400 ps
-12 -123 -28 -117 -36 -123 -52 -129 
T 8265600 ps
-16 -144 -30 -115 -20 -151 -20 -118 
T 8268800 ps
-38 -121 -11 -129 -15 -127 -54 -147 
T 8272 ns
-52 -130 -30 -119 -32 -101 -21 -117 
T 8275200 ps
-22 -136 -26 -147 -22 -133 -22 -135 
T 8278400 ps
-17 -124 -33 -140 -27 -130 -24 -136 
T 8281600 ps
-41 -142 -41 -146 -44 -145 -28 -127 
T 8284800 ps
-26 -153 -10 -139 -19 -137 -22 -125 
T 8288 ns
-28 -126 5 -134 -22 -124 -29 -144 
T 8291200 ps
-11 -147 -19 -119 -17 -136 -16 -129 
T 8294400 ps
0 -156 -50 -144 -13 -139 -35 -148 
T 8297600 ps
-30 -138 -26 -138 -35 -143 -16 -151 
T 8300800 ps
-25 -137 -24 -128 -23 -141 -28 -153 
T 8304 ns
-20 -154 -36 -140 -30 -136 -16 -143 
T 8307200 ps
-18 -134 -34 -149 -22 -139 -26 -146 
T 8310400 ps
-43 -151 -19 -145 -19 -132 -7 -165 
T 8313600 ps
-11 -151 -16 -132 -21 -151 8 -159 
T 8316800 ps
-35 -160 -15 -142 -24 -153 -12 -151 
T 8320 ns
9 -154 2 -161 -28 -148 -1 -149 
T 8323200 ps
-12 -159 -15 -173 -7 -162 -24 -166 
T 8326400 ps
11 -159 -17 -163 1 -159 -8 -171 
T 8329600 ps
-2 -169 -19 -181 -10 -184 -1 -187 
T 8332800 ps
-13 -188 -18 -204 1 -192 0 -171 
T 8336 ns
-10 -186 -6 -198 18 -218 -13 -191 
T 8339200 ps
-17 -191 -7 -196 12 -225 10 -204 
T 8342400 ps
2 -218 -21 -217 22 -232 32 -259 
T 8345600 ps
8 -229 15 -252 5 -249 19 -237 
T 8348800 ps
1 -254 32 -266 32 -388 29 -352 
T 8352 ns
21 -366 38 -367 50 -383 57 -422 
T 8355200 ps
53 -459 63 -523 88 -573 112 -622 
T 8358400 ps
132 -752 196 -943 248 -1251 449 -1969 
T 8361600 ps
1231 -5204 -1751 6847 -527 1964 -332 1112 
T 8364800 ps
-238 736 -173 548 -173 423 -125 362 
T 8368 ns
-133 271 -112 239 -105 201 -107 173 
T 8371200 ps
-107 159 -96 113 -79 110 -65 109 
T 8374400 ps
-74 78 -68 82 -53 63 -46 61 
T 8377600 ps
-62 37 -71 17 -65 39 -58 21 
T 8380800 ps
-56 14 -35 -12 -47 -5 -42 -25 
T 8384 ns
-45 -18 -45 -14 -47 -40 -22 -13 
T 8387200 ps
-19 -45 -39 -3 -43 -24 -36 -29 
T 8390400 ps
-50 -17 -58 -43 -40 -40 -29 -32 
T 8393600 ps
-45 -39 -37 -44 -32 -39 -42 -66 
T 8396800 ps
-37 -51 -32 -51 -50 -65 -31 -53 
T 8400 ns
-24 -55 -20 -64 -28 -52 -50 -55 
T 8403200 ps
-42 -73 -31 -58 -46 -68 -36 -59 
T 8406400 ps
-47 -70 -53 -62 -42 -79 -24 -70 
T 8409600 ps
-40 -67 -35 -96 -47 -95 -21 -76 
T 8412800 ps
-21 -61 -25 -90 -45 -76 -11 -81 
T 8416 ns
-33 -79 -35 -66 -42 -92 -25 -69 
T 8419200 ps
-18 -103 -13 -107 -25 -82 -26 -113 
T 8422400 ps
-35 -85 -63 -116 4 -96 -66 -77 
T 8425600 ps
-23 -115 -26 -99 -37 -83 -37 -111 
T 8428800 ps
-34 -98 -24 -84 -16 -87 -23 -100 
T 8432 ns
-28 -93 -9 -108 -26 -100 -7 -114 
T 8435200 ps
-23 -91 -28 -131 -28 -125 -18 -140 
T 8438400 ps
-14 -101 -15 -101 -17 -115 -38 -115 
T 8441600 ps
-21 -107 -14 -143 -18 -146 -18 -130 
T 8444800 ps
-15 -118 -22 -122 -15 -116 -19 -122 
T 8448 ns
-18 -132 -27 -119 -13 -146 4 -145 
T 8451200 ps
-19 -125 -6 -134 -15 -125 -4 -136 
T 8454400 ps
-12 -139 -7 -124 -3 -136 -27 -129 
T 8457600 ps
-17 -141 -14 -142 -6 -133 -22 -156 
T 8460800 ps
-45 -149 -14 -158 1 -142 -12 -151 
T 8464 ns
-29 -167 -12 -143 -7 -152 -6 -139 
T 8467200 ps
-19 -151 -30 -153 -15 -153 -37 -156 
T 8470400 ps
-21 -162 -12 -181 -4 -160 -7 -183 
T 8473600 ps
-19 -172 -9 -186 -6 -163 1 -168 
T 8476800 ps
-4 -156 -13 -185 3 -179 -5 -164 
T 8480 ns
18 -194 -12 -164 -14 -161 -25 -187 
T 8483200 ps
-6 -169 -10 -181 -35 -189 -12 -207 
T 8486400 ps
-10 -185 -24 -184 -22 -172 -12 -207 
T 8489600 ps
-3 -200 -12 -198 3 -206 -7 -198 
T 8492800 ps
-10 -216 -18 -203 -17 -217 -16 -181 
T 8496 ns
-4 -206 -6 -215 -2 -208 2 -207 
T 8499200 ps
-13 -234 20 -237 -15 -230 -2 -248 
T 8502400 ps
-6 -218 -19 -232 4 -242 19 -243 
T 8505600 ps
-16 -254 -4 -244 12 -263 3 -251 
T 8508800 ps
17 -253 -5 -273 5 -269 -3 -278 
T 8512 ns
24 -271 2 -268 -2 -266 -7 -300 
T 8515200 ps
1 -289 -10 -310 -2 -296 -14 -328 
T 8518400 ps
-7 -310 11 -297 -18 -308 16 -313 
T 8521600 ps
8 -313 0 -319 4 -316 3 -338 
T 8524800 ps
4 -348 -25 -357 7 -371 -12 -354 
T 8528 ns
-17 -379 5 -377 -4 -395 -19 -398 
T 8531200 ps
-6 -390 -17 -434 -24 -416 -33 -435 
T 8534400 ps
-56 -427 -146 -457 -3151 -1084 225 -426 
T 8537600 ps
113 -435 100 -459 89 -489 92 -474 
T 8540800 ps
78 -499 85 -513 72 -528 65 -544 
T 8544 ns
61 -557 57 -564 70 -586 47 -621 
T 8547200 ps
69 -632 65 -644 58 -657 86 -689 
T 8550400 ps
97 -717 72 -742 93 -779 89 -807 
T 8553600 ps
97 -860 74 -871 111 -918 119 -955 
T 8556800 ps
124 -1011 129 -1050 135 -1124 157 -1189 
T 8560 ns
149 -1252 159 -1335 164 -1390 183 -1507 
T 8563200 ps
203 -1626 217 -1767 249 -1920 269 -2143 
T 8566400 ps
312 -2386 340 -2717 427 -3094 487 -3679 
T 8569600 ps
606 -4481 768 -5750 1107 -7994 1829 -13196 
T 8572800 ps
5255 28119 -6317 -20907 -2020 13980 -1198 8275 
T 8576 ns
-874 5867 -661 4567 -547 3723 -470 3150 
T 8579200 ps
-420 2720 -390 2397 -340 2130 -304 1954 
T 8582400 ps
-274 1762 -269 1644 -244 1517 -224 1418 
T 8585600 ps
-222 1303 -206 1235 -206 1146 -192 1095 
T 8588800 ps
-182 1025 -183 981 -167 931 -181 860 
T 8592 ns
-118 908 -144 828 -140 808 -155 763 
T 8595200 ps
-153 741 -134 728 -170 714 -122 683 
T 8598400 ps
-125 664 -131 642 -108 634 -122 616 
T 8601600 ps
-127 605 -133 601 -98 585 -129 575 
T 8604800 ps
-124 547 -129 591 -113 605 -128 611 
T 8608 ns
-138 681 -135 773 -167 1133 -2493 26301 
T 8611200 ps
-20 -408 -56 -35 -68 106 -72 140 
T 8614400 ps
-87 197 -95 213 -88 218 -80 232 
T 8617600 ps
-102 228 -87 213 -98 214 -98 209 
T 8620800 ps
-108 208 -95 214 -100 204 -99 224 
T 8624 ns
-101 206 -84 186 -89 207 -101 178 
T 8627200 ps
-109 184 -119 201 -127 186 -108 156 
T 8630400 ps
-91 162 -112 160 -101 154 -111 152 
T 8633600 ps
-110 133 -121 104 -119 149 -113 141 
T 8636800 ps
-122 114 -112 82 -120 107 -120 97 
T 8640 ns
-132 88 -139 74 -133 74 -135 52 
T 8643200 ps
-147 61 -127 53 -145 40 -147 10 
T 8646400 ps
-162 3 -89 15 -247 -5 -206 -22 
T 8649600 ps
-210 -38 -224 -56 -224 -71 -251 -91 
T 8652800 ps
-241 -104 -280 -131 -287 -127 -304 -181 
T 8656 ns
-343 -205 -381 -254 -410 -288 -434 -334 
T 8659200 ps
-510 -417 -581 -475 -667 -571 -784 -710 
T 8662400 ps
-988 -906 -1231 -1218 -1724 -1695 -2734 -2797 
T 8665600 ps
-6454 -6649 20406 21459 4051 4326 2287 2464 
T 8668800 ps
1621 1754 1254 1383 1040 1138 899 961 
T 8672 ns
768 859 692 801 648 711 614 653 
T 8675200 ps
552 608 556 553 514 511 492 490 
T 8678400 ps
446 453 437 495 433 447 450 417 
T 8681600 ps
TLAST
442 356 466 331 452 377 421 275 
