T 9820800 ps
400 277 -763 -486 -146 -77 -783 150 
T 9824 ns
-876 1351 -906 1361 -876 1378 -874 1475 
T 9827200 ps
80 -37 100 -47 84 -31 76 -49 
T 9830400 ps
-36 141 -25 192 -27 139 -36 160 
T 9833600 ps
24 -31 53 -80 -10 -17 13 -32 
T 9836800 ps
23 166 29 186 17 137 7 122 
T 9840 ns
-80 -45 -50 -19 -20 -31 -10 -29 
T 9843200 ps
847 1376 768 1299 776 1244 805 1305 
T 9856 ns
106 81 -298 481 -208 259 -70 394 
T 9859200 ps
-893 1419 -860 1428 -904 1454 -945 1493 
T 9862400 ps
84 -65 60 -43 132 -41 89 -69 
T 9865600 ps
-22 149 -1 154 -2 58 -30 156 
T 9868800 ps
42 -3 -2 -35 44 -45 -16 -2 
T 9872 ns
26 168 -3 147 7 135 20 136 
T 9875200 ps
116 -57 -168 13 -140 -21 -63 41 
T 9878400 ps
739 1274 782 1293 757 1279 741 1233 
T 9888 ns
284 188 171 21 177 59 -32 240 
T 9891200 ps
-919 1502 -929 1520 -962 1514 -922 1523 
T 9894400 ps
47 -75 176 -16 128 -38 64 -26 
T 9897600 ps
-38 111 0 117 -23 169 -38 175 
T 9900800 ps
-20 -10 33 -23 -11 17 -36 0 
T 9904 ns
50 163 54 159 35 137 51 98 
T 9907200 ps
-83 -15 -52 10 -94 -10 -92 -66 
T 9910400 ps
733 1270 697 1250 692 1182 731 1222 
T 9920 ns
157 255 -9 343 83 274 160 357 
T 9923200 ps
-999 1598 -1037 1585 -1013 1646 -1013 1584 
T 9926400 ps
101 -63 162 -140 22 13 92 -43 
T 9929600 ps
2 129 -45 167 -54 148 -3 134 
T 9932800 ps
39 -19 1 -13 -17 -44 36 -19 
T 9936 ns
76 115 54 150 60 89 44 141 
T 9939200 ps
-93 -45 -62 -34 -92 13 -76 -39 
T 9942400 ps
683 1212 670 1164 697 1195 710 1107 
T 9952 ns
331 253 301 203 157 112 163 250 
T 9955200 ps
-1040 1661 -1030 1633 -1036 1638 -1083 1739 
T 9958400 ps
86 -14 42 4 92 -71 57 -42 
T 9961600 ps
-32 133 -45 103 -37 165 -52 85 
T 9964800 ps
-25 39 15 -69 21 -22 59 -34 
T 9968 ns
-3 158 61 164 3 169 -42 190 
T 9971200 ps
-72 -58 -78 -30 -62 9 5 -26 
T 9974400 ps
665 1138 636 1150 652 1126 667 1108 
T 9987200 ps
296 219 162 270 183 282 204 327 
T 9990400 ps
-1083 1719 -1157 1777 -1135 1794 -1177 1718 
T 9993600 ps
90 -37 68 -34 79 -14 30 3 
T 9996800 ps
-66 135 -29 157 -43 207 5 148 
T 10 us
14 -3 60 -32 49 -20 28 -17 
T 10003200 ps
52 56 22 80 8 105 8 123 
T 10006400 ps
-88 -15 -90 -12 -71 -80 -50 -25 
T 10009600 ps
591 1156 650 1104 600 1100 590 1081 
T 10019200 ps
220 281 302 203 277 228 193 207 
T 10022400 ps
-1194 1794 -1196 1892 -1183 1870 -1179 1893 
T 10025600 ps
39 -34 55 14 34 -39 103 -61 
T 10028800 ps
-71 162 32 153 -29 163 -22 128 
T 10032 ns
22 -67 50 -27 63 24 -7 -61 
T 10035200 ps
1 73 61 149 72 131 48 148 
T 10038400 ps
-33 -24 -95 -26 -126 -1 -101 -41 
T 10041600 ps
630 1077 645 1032 578 1038 595 1065 
T 10051200 ps
269 342 223 360 243 397 261 381 
T 10054400 ps
-1195 1864 -1278 1994 -1384 2010 -1293 2003 
T 10057600 ps
30 -7 86 -57 98 -48 -17 -15 
T 10060800 ps
-102 127 5 180 -29 206 -30 180 
T 10064 ns
-41 -46 -19 -48 27 -53 53 -31 
T 10067200 ps
14 131 21 141 -17 147 14 110 
T 10070400 ps
-54 -69 -74 -47 -112 -56 -65 -47 
T 10073600 ps
533 1088 714 923 580 1051 563 1009 
T 10083200 ps
364 315 293 199 329 280 271 198 
T 10086400 ps
-1355 1992 -1342 2113 -1373 2116 -1442 2175 
T 10089600 ps
84 -37 12 18 85 -30 54 -27 
T 10092800 ps
-39 198 -51 185 -65 160 -81 161 
T 10096 ns
-42 -35 21 -43 63 10 3 0 
T 10099200 ps
20 143 25 144 -10 131 65 128 
T 10102400 ps
-66 -83 -98 -34 -101 -76 -36 -51 
T 10105600 ps
552 1009 570 1040 582 1023 588 958 
T 10118400 ps
330 296 253 303 262 317 291 368 
T 10121600 ps
-1358 2183 -1458 2241 -1434 2242 -1473 2336 
T 10124800 ps
77 -61 53 -27 27 20 95 -88 
T 10128 ns
-3 180 -46 192 -52 226 -66 194 
T 10131200 ps
62 -14 -31 -1 -14 -17 27 -8 
T 10134400 ps
7 80 87 88 1 137 -6 111 
T 10137600 ps
-113 87 -19 5 -67 -40 -109 -12 
T 10140800 ps
508 943 503 981 507 945 519 921 
T 10150400 ps
377 279 313 250 303 275 331 315 
T 10153600 ps
-1527 2363 -1555 2375 -1603 2443 -1598 2457 
T 10156800 ps
68 -16 64 -55 99 -95 82 -28 
T 10160 ns
-58 205 -39 147 -73 201 -48 221 
T 10163200 ps
-9 -13 -9 -26 35 -37 37 -37 
T 10166400 ps
50 94 44 134 -16 78 -1 74 
T 10169600 ps
-92 -6 -136 -29 -101 -7 -110 -6 
T 10172800 ps
549 972 516 938 506 908 521 978 
T 10182400 ps
317 363 272 458 268 388 267 357 
T 10185600 ps
-1679 2556 -1727 2554 -1751 2601 -1784 2701 
T 10188800 ps
69 -53 111 -23 38 -72 120 -46 
T 10192 ns
-45 204 -26 162 -8 264 -102 247 
T 10195200 ps
21 -45 -30 14 -16 24 57 -11 
T 10198400 ps
26 107 42 103 60 100 19 56 
T 10201600 ps
-75 -17 -141 -53 -110 -36 -104 -44 
T 10204800 ps
524 923 457 879 461 857 493 882 
T 10214400 ps
359 391 372 320 360 361 316 313 
T 10217600 ps
-1851 2754 -1888 2836 -1988 2898 -1950 2930 
T 10220800 ps
39 -9 105 -31 106 -47 7 -42 
T 10224 ns
-41 171 -48 223 -47 241 -63 188 
T 10227200 ps
-9 -29 -20 6 12 -71 70 -23 
T 10230400 ps
22 121 -43 139 25 97 37 101 
T 10233600 ps
-93 -5 -125 -3 -42 -7 -117 -16 
T 10236800 ps
548 892 469 860 484 886 506 883 
T 10249600 ps
357 359 353 371 283 351 323 374 
T 10252800 ps
-1997 3020 -2079 3078 -2136 3128 -2143 3206 
T 10256 ns
75 29 -2 -82 69 -77 92 -33 
T 10259200 ps
-33 174 -44 180 -29 196 -58 220 
T 10262400 ps
-63 -97 -23 -75 9 49 9 -2 
T 10265600 ps
2 93 -8 109 19 111 82 105 
T 10268800 ps
-57 -171 -88 -42 -57 13 -116 -95 
T 10272 ns
490 839 449 835 512 819 489 807 
T 10281600 ps
395 366 344 369 328 350 324 380 
T 10284800 ps
-2272 3336 -2318 3445 -2422 3575 -2501 3663 
T 10288 ns
86 23 63 -46 46 10 79 -37 
T 10291200 ps
-26 179 -72 234 -72 205 -16 254 
T 10294400 ps
-47 -6 36 -9 18 -32 22 -24 
T 10297600 ps
15 107 31 128 17 80 94 96 
T 10300800 ps
-102 -51 -151 -42 -128 -76 -121 -59 
T 10304 ns
477 836 529 807 507 886 461 805 
T 10313600 ps
292 437 389 401 358 337 439 390 
T 10316800 ps
-2542 3785 -2637 3828 -2769 4012 -2810 4142 
T 10320 ns
95 -36 88 -36 94 -53 88 -19 
T 10323200 ps
-96 221 -60 298 -75 258 -114 218 
T 10326400 ps
28 -33 9 -69 -20 11 15 0 
T 10329600 ps
-9 124 -6 115 36 109 17 133 
T 10332800 ps
1 -60 -58 -8 -4 -51 -86 -31 
T 10336 ns
429 776 457 797 442 799 417 861 
T 10345600 ps
382 405 406 417 423 414 380 410 
T 10348800 ps
-2948 4298 -3047 4474 -3131 4650 -3271 4826 
T 10352 ns
44 -13 68 -33 85 12 74 -62 
T 10355200 ps
-57 231 -55 216 -29 229 -58 249 
T 10358400 ps
-2 -71 2 -23 5 -24 -68 -78 
T 10361600 ps
-37 87 56 61 8 53 58 125 
T 10364800 ps
-52 -49 -84 -41 -105 -66 -86 -98 
T 10368 ns
444 806 428 839 358 818 425 786 
T 10380800 ps
412 398 353 422 378 420 363 458 
T 10384 ns
-3422 5093 -3589 5281 -3723 5543 -3973 5837 
T 10387200 ps
105 -27 64 -15 73 -21 21 -34 
T 10390400 ps
-63 259 -80 232 -95 256 -124 220 
T 10393600 ps
-24 -24 19 -46 -16 -52 -9 -58 
T 10396800 ps
27 106 -12 86 42 122 24 104 
T 10400 ns
-45 -19 -152 3 -11 -35 -63 -22 
T 10403200 ps
400 772 451 779 422 797 399 749 
T 10412800 ps
415 433 413 381 373 417 371 388 
T 10416 ns
-4167 6126 -4429 6484 -4718 6810 -4969 7237 
T 10419200 ps
70 -54 84 -28 69 5 87 -66 
T 10422400 ps
-53 312 -58 252 -71 242 -56 266 
T 10425600 ps
7 27 -31 -45 -3 -115 15 -60 
T 10428800 ps
0 49 12 93 79 95 34 110 
T 10432 ns
-44 -50 -58 -36 -79 -19 -81 -74 
T 10435200 ps
426 771 401 777 388 763 421 725 
T 10444800 ps
420 449 409 462 395 450 438 450 
T 10448 ns
-5281 7707 -5703 8255 -6144 8924 -6638 9674 
T 10451200 ps
98 -17 52 -59 65 -46 24 -94 
T 10454400 ps
-44 248 -139 271 -149 254 -92 371 
T 10457600 ps
-28 -39 -17 -66 -1 2 14 -30 
T 10460800 ps
26 68 -10 136 13 123 37 77 
T 10464 ns
-74 -49 -76 -97 -115 -66 -56 -50 
T 10467200 ps
385 759 386 744 334 757 367 736 
T 10476800 ps
404 462 405 422 405 455 385 441 
T 10480 ns
-7264 10549 -8127 11658 -8981 12979 -10161 14626 
T 10483200 ps
66 6 90 5 42 -48 22 -50 
T 10486400 ps
-92 354 -89 361 -135 282 -138 267 
T 10489600 ps
56 -42 45 -4 -29 -45 11 -87 
T 10492800 ps
17 56 -22 81 120 286 46 89 
T 10496 ns
-110 -22 -80 -71 -42 -118 -154 -32 
T 10499200 ps
401 779 368 778 290 703 387 704 
T 10512 ns
411 459 387 483 409 505 454 515 
T 10515200 ps
-11647 16801 -13719 19701 -16617 23908 -21168 30331 
T 10518400 ps
142 -40 61 -27 105 5 93 -16 
T 10521600 ps
-85 314 -72 301 10 327 -104 283 
T 10524800 ps
-23 -45 25 -7 7 -13 -30 1 
T 10528 ns
52 34 22 118 2 141 27 84 
T 10531200 ps
-94 -34 -89 -25 -93 -9 -133 -20 
T 10534400 ps
338 685 343 734 335 694 307 708 
T 10544 ns
443 465 458 481 431 433 11369 30551 
T 10547200 ps
-28977 -24021 19457 448 18535 29785 -30993 -21628 
T 10550400 ps
78 -48 66 -39 66 -2 15259 1315 
T 10553600 ps
-115 332 -122 390 -82 328 -3689 -3431 
T 10556800 ps
-25 -49 10 -35 11 -9 -15775 12611 
T 10560 ns
16 114 44 99 48 116 30560 20883 
T 10563200 ps
-168 -88 -50 21 -56 38 -27217 25003 
T 10566400 ps
378 669 407 673 357 621 14276 30790 
T 10576 ns
458 525 451 495 458 574 445 574 
T 10579200 ps
-5699 -19730 -31629 17287 23592 31908 18142 -25741 
T 10582400 ps
66 -33 79 -41 75 -33 56 -39 
T 10585600 ps
-165 355 -155 379 -148 334 -124 365 
T 10588800 ps
46 -15 109 29 22 -52 -35 -40 
T 10592 ns
46 119 60 68 73 99 5 92 
T 10595200 ps
-50 -41 -123 -39 -91 39 -110 -15 
T 10598400 ps
328 714 326 708 345 729 219 1170 
T 10608 ns
473 535 480 535 515 592 497 540 
T 10611200 ps
14748 -20901 12396 -17557 10697 -15105 9423 -13272 
T 10614400 ps
66 -2 71 -22 81 -56 60 -7 
T 10617600 ps
-146 363 -90 393 -148 337 -147 378 
T 10620800 ps
31 -33 -10 -77 11 -20 -45 32 
T 10624 ns
37 112 45 70 96 52 232 11 
T 10627200 ps
-110 -24 -105 -24 1 -24 -72 -45 
T 10630400 ps
379 628 347 648 305 622 322 617 
T 10643200 ps
519 532 484 559 510 564 464 605 
T 10646400 ps
8441 -11874 7544 -10684 6927 -9719 6296 -8970 
T 10649600 ps
80 -43 59 -26 49 -31 101 -2 
T 10652800 ps
-139 420 -173 399 -110 420 -151 439 
T 10656 ns
-7 -44 -34 -5 -36 40 -18 -31 
T 10659200 ps
-158 153 -55 93 -30 126 -13 85 
T 10662400 ps
-104 -13 -93 -72 -103 -13 -63 -60 
T 10665600 ps
326 579 314 654 319 619 366 580 
T 10675200 ps
503 559 559 581 509 594 484 539 
T 10678400 ps
5875 -8275 5472 -7715 5138 -7131 4815 -6737 
T 10681600 ps
45 -49 110 -80 44 -49 61 -30 
T 10684800 ps
-71 542 -169 434 -132 448 -173 447 
T 10688 ns
-47 -15 -1 -13 11 -54 16 -23 
T 10691200 ps
-42 136 -13 104 -25 96 26 158 
T 10694400 ps
-61 -19 -84 -16 -88 -11 -93 -54 
T 10697600 ps
316 607 348 607 325 633 366 618 
T 10707200 ps
540 689 519 640 508 609 624 695 
T 10710400 ps
4585 -6379 4215 -5958 4040 -5676 3881 -5431 
T 10713600 ps
68 -13 53 -60 72 -47 70 -11 
T 10716800 ps
-185 517 -194 538 -172 532 -169 503 
T 10720 ns
-16 -11 -17 -36 -30 -37 6 -3 
T 10723200 ps
8 58 -30 73 -5 85 -44 102 
T 10726400 ps
-40 -33 -71 -24 -50 15 -64 -41 
T 10729600 ps
278 602 307 617 339 565 270 624 
T 10739200 ps
579 675 559 675 531 652 579 647 
T 10742400 ps
3700 -5107 3488 -4895 3331 -4671 3204 -4434 
T 10745600 ps
43 -55 12 -56 154 -43 70 -40 
T 10748800 ps
-210 554 -206 565 -208 598 -228 556 
T 10752 ns
17 -67 21 -41 19 10 35 -39 
T 10755200 ps
59 114 11 92 -28 50 75 139 
T 10758400 ps
-75 -13 -60 -2 -68 -3 -60 -80 
T 10761600 ps
277 625 301 620 275 645 291 697 
T 10774400 ps
546 671 597 755 559 684 591 727 
T 10777600 ps
3124 -4257 2944 -4120 2877 -3926 2763 -3833 
T 10780800 ps
142 -109 49 -27 59 -40 67 -9 
T 10784 ns
-229 623 -233 605 -247 630 -232 638 
T 10787200 ps
26 -17 -45 -31 7 -8 47 -33 
T 10790400 ps
35 94 33 29 52 81 104 96 
T 10793600 ps
-106 -21 -89 -5 -101 -20 -109 -37 
T 10796800 ps
308 566 294 600 288 565 295 545 
T 10806400 ps
583 733 618 770 629 747 611 736 
T 10809600 ps
2680 -3710 2597 -3565 2508 -3433 2452 -3361 
T 10812800 ps
32 6 94 -2 61 -41 86 -39 
T 10816 ns
-210 673 -242 671 -265 707 -296 686 
T 10819200 ps
3 -41 -12 -16 -13 25 11 -62 
T 10822400 ps
-23 73 -14 100 -1 48 15 116 
T 10825600 ps
-90 -70 -128 -56 -93 -19 -76 -39 
T 10828800 ps
311 566 301 560 244 588 283 585 
T 10838400 ps
622 767 700 787 670 783 637 803 
T 10841600 ps
2362 -3237 2303 -3129 2190 -3115 2160 -2934 
T 10844800 ps
81 -18 57 16 31 -38 80 6 
T 10848 ns
-297 783 -318 787 -344 811 -305 813 
T 10851200 ps
18 -55 -48 1 18 -35 9 -51 
T 10854400 ps
-19 88 0 96 3 96 -11 153 
T 10857600 ps
-93 -10 -117 -36 -111 -42 -70 -42 
T 10860800 ps
292 536 229 628 245 546 250 538 
T 10870400 ps
767 852 731 869 720 842 675 812 
T 10873600 ps
2067 -2902 2046 -2806 2034 -2736 1932 -2544 
T 10876800 ps
65 -78 57 -3 44 -22 44 -51 
T 10880 ns
-317 860 -343 917 -334 942 -349 986 
T 10883200 ps
-13 -8 -59 -61 40 -62 -1 -38 
T 10886400 ps
24 87 9 105 -19 47 11 87 
T 10889600 ps
-79 -58 -93 -73 -52 2 -54 -23 
T 10892800 ps
260 557 266 554 237 569 252 561 
T 10905600 ps
682 828 731 857 706 904 761 884 
T 10908800 ps
1893 -2571 1874 -2543 1818 -2448 1795 -2415 
T 10912 ns
70 -20 30 -20 96 4 80 29 
T 10915200 ps
-394 1017 -415 1056 -430 1086 -501 1228 
T 10918400 ps
4 -58 27 -69 46 -36 -19 -18 
T 10921600 ps
30 94 -11 120 27 73 4 130 
T 10924800 ps
-100 -58 -136 -28 -52 -40 -102 -3 
T 10928 ns
229 550 234 553 251 495 236 539 
T 10937600 ps
720 890 786 970 807 845 773 1004 
T 10940800 ps
1748 -2334 1660 -2307 1705 -2269 1596 -2176 
T 10944 ns
68 26 97 -67 116 -22 88 -23 
T 10947200 ps
-545 1290 -501 1355 -561 1464 -609 1576 
T 10950400 ps
24 -2 2 -32 -33 -13 57 -54 
T 10953600 ps
11 65 9 98 12 108 55 71 
T 10956800 ps
-56 -22 -73 -91 -82 -94 -118 -11 
T 10960 ns
276 509 258 488 218 451 188 523 
T 10969600 ps
788 1010 819 1049 871 1048 858 1081 
T 10972800 ps
1605 -2138 1561 -2092 1528 -2077 1481 -1964 
T 10976 ns
72 -22 29 -33 67 -32 45 -20 
T 10979200 ps
-662 1670 -674 1838 -781 1983 -901 2168 
T 10982400 ps
-26 8 41 7 -11 -46 6 -21 
T 10985600 ps
10 93 2 43 21 -12 -34 87 
T 10988800 ps
-78 -108 -37 5 -123 -30 -117 0 
T 10992 ns
241 493 281 525 186 492 244 523 
T 11001600 ps
893 1070 863 1077 927 1190 946 1122 
T 11004800 ps
1497 -1916 1447 -1953 1449 -1908 1396 -1856 
T 11008 ns
68 -31 48 -22 27 -20 70 -18 
T 11011200 ps
-1002 2523 -1107 2776 -1324 3227 -1505 3793 
T 11014400 ps
23 2 -15 -35 141 -144 20 -12 
T 11017600 ps
-28 65 40 70 -8 103 59 55 
T 11020800 ps
-96 -21 -80 -48 -63 -42 -64 -12 
T 11024 ns
259 482 250 541 225 512 220 486 
T 11036800 ps
1000 1213 921 1245 1020 1258 962 1258 
T 11040 ns
1296 -1810 1430 -1828 1326 -1734 1273 -1725 
T 11043200 ps
83 10 47 -85 77 -13 92 -62 
T 11046400 ps
-1846 4597 -2364 5901 -3324 8180 -5327 13136 
T 11049600 ps
2 -39 -17 -81 68 -16 -18 -62 
T 11052800 ps
-17 93 33 107 41 67 8 138 
T 11056 ns
-77 -52 -71 -55 -109 -9 -92 -66 
T 11059200 ps
181 474 235 490 227 441 220 525 
T 11068800 ps
1054 1309 1091 1333 1160 1355 1162 1456 
T 11072 ns
1271 -1680 1301 -1684 1231 -1637 1181 -1604 
T 11075200 ps
62 -29 119 -67 74 -29 68 -46 
T 11078400 ps
-14013 -31247 23347 8716 6415 -15531 3732 -8992 
T 11081600 ps
0 -37 -13 -11 -28 -73 6 8 
T 11084800 ps
46 39 -18 83 26 60 -16 81 
T 11088 ns
-88 -35 -105 -55 -62 -45 -136 -34 
T 11091200 ps
202 510 188 491 198 426 217 489 
T 11100800 ps
1222 1507 1252 1531 1284 1580 1312 1600 
T 11104 ns
1230 -1564 1154 -1592 1111 -1578 1159 -1506 
T 11107200 ps
122 -85 35 -16 23 -11 81 -31 
T 11110400 ps
2642 -6385 2014 -4869 1644 -3967 1401 -3402 
T 11113600 ps
-10 -49 2 -77 48 -34 0 -18 
T 11116800 ps
9 77 75 101 16 103 -8 51 
T 11120 ns
-74 -45 -61 -50 -139 -91 -121 -83 
T 11123200 ps
153 494 175 490 163 444 190 443 
T 11132800 ps
1429 1690 1455 1741 1481 1779 1565 1892 
T 11136 ns
1150 -1470 1108 -1479 1077 -1430 1066 -1420 
T 11139200 ps
108 -23 60 26 119 -59 94 -45 
T 11142400 ps
1205 -2877 1099 -2528 946 -2319 864 -2098 
T 11145600 ps
-15 -16 -11 -15 17 -69 -21 -16 
T 11148800 ps
-33 71 -17 52 0 55 -15 71 
T 11152 ns
-122 -35 -108 -24 -81 -59 -118 -47 
T 11155200 ps
220 442 220 457 231 428 187 429 
T 11168 ns
1615 1983 1683 2054 1704 2161 1854 2318 
T 11171200 ps
1094 -1430 1054 -1384 1048 -1340 1057 -1390 
T 11174400 ps
74 36 42 51 45 4 99 -29 
T 11177600 ps
858 -1895 775 -1690 697 -1586 561 -1471 
T 11180800 ps
17 -37 -5 -56 4 -17 -8 -102 
T 11184 ns
-39 67 1 55 25 129 14 107 
T 11187200 ps
-106 -42 -92 -33 -45 -28 -57 -67 
T 11190400 ps
181 428 124 425 184 435 206 416 
T 11200 ns
1988 2389 2077 2525 2182 2710 2307 2839 
T 11203200 ps
1024 -1321 1014 -1335 996 -1319 979 -1281 
T 11206400 ps
97 -20 59 -81 55 5 36 -46 
T 11209600 ps
572 -1387 589 -1320 514 -1227 505 -1178 
T 11212800 ps
12 -25 55 -13 -56 -18 17 -37 
T 11216 ns
41 58 -1 80 -17 124 16 58 
T 11219200 ps
-129 -68 -123 -79 -125 -1 -128 -48 
T 11222400 ps
217 396 176 397 177 364 218 371 
T 11232 ns
2477 3070 2673 3263 2843 3584 3085 3896 
T 11235200 ps
991 -1243 972 -1212 918 -1244 950 -1188 
T 11238400 ps
59 -58 17 -3 38 3 69 -26 
T 11241600 ps
454 -1087 456 -1006 476 -998 401 -941 
T 11244800 ps
5 -26 27 33 27 -38 -7 -32 
T 11248 ns
30 38 7 55 43 73 -49 63 
T 11251200 ps
-101 -46 -81 -17 -60 -69 -83 -26 
T 11254400 ps
155 438 151 405 121 367 104 428 
T 11264 ns
3449 4304 3832 4739 4272 5309 4957 6136 
T 11267200 ps
958 -1178 913 -1179 920 -1175 908 -1146 
T 11270400 ps
89 2 68 -45 35 -28 88 29 
T 11273600 ps
367 -890 454 -818 354 -840 441 -830 
T 11276800 ps
1 -40 -60 -61 -26 -43 3 -4 
T 11280 ns
-9 57 2 48 11 94 -19 47 
T 11283200 ps
-119 -58 -88 -53 -85 -94 -96 -61 
T 11286400 ps
174 385 205 375 205 423 156 379 
T 11299200 ps
5777 7144 6922 8543 8826 10828 11933 14729 
T 11302400 ps
874 -1101 856 -1151 878 -1111 946 -1108 
T 11305600 ps
12 41 8 21 91 -49 49 7 
T 11308800 ps
290 -760 309 -720 369 -698 342 -683 
T 11312 ns
5 -30 -24 -23 14 -102 -37 -65 
T 11315200 ps
41 116 -43 26 53 68 -5 45 
T 11318400 ps
-118 -11 -90 -65 -107 -81 -101 -127 
T 11321600 ps
165 415 148 391 162 375 175 360 
T 11331200 ps
18591 22915 -23279 -13644 -20543 10578 -27058 32391 
T 11334400 ps
816 -1080 815 -1033 831 -1076 830 -1064 
T 11337600 ps
90 -18 71 -32 -9 -28 66 -13 
T 11340800 ps
328 -657 300 -630 311 -630 245 -640 
T 11344 ns
5 -13 -19 -20 23 -40 24 -75 
T 11347200 ps
1 79 -26 8 8 97 47 75 
T 11350400 ps
-106 -56 -65 -112 -123 -22 -108 -79 
T 11353600 ps
177 388 185 325 108 359 120 339 
T 11363200 ps
-14801 -18165 -10189 -12461 -7759 -9464 -6244 -7659 
T 11366400 ps
847 -1035 807 -1033 786 -1024 736 -1068 
T 11369600 ps
86 -14 97 -5 108 -37 65 16 
T 11372800 ps
241 -587 230 -598 254 -582 282 -602 
T 11376 ns
11 -63 15 -45 -33 -8 36 -37 
T 11379200 ps
-26 98 16 36 -73 81 -43 57 
T 11382400 ps
-12 2 -67 -37 -120 -35 -77 -88 
T 11385600 ps
132 362 129 341 139 347 147 355 
T 11395200 ps
-5228 -6354 -4427 -5507 -3919 -4750 -3519 -4222 
T 11398400 ps
777 -960 772 -980 762 -960 791 -955 
T 11401600 ps
43 -21 62 -8 76 -21 60 -37 
T 11404800 ps
248 -543 196 -496 189 -518 254 -554 
T 11408 ns
-14 -90 39 -15 37 -8 -97 -62 
T 11411200 ps
-44 91 35 -15 -1 53 18 -24 
T 11414400 ps
-93 -31 -94 -38 -46 -65 -44 -35 
T 11417600 ps
85 338 95 369 116 347 95 327 
T 11430400 ps
-3162 -3862 -2910 -3482 -2601 -3205 -2459 -2945 
T 11433600 ps
799 -937 699 -922 714 -925 760 -869 
T 11436800 ps
54 16 64 -44 46 -12 163 1 
T 11440 ns
204 -494 230 -442 215 -475 139 -443 
T 11443200 ps
-22 -38 38 30 -5 -51 -17 -31 
T 11446400 ps
32 92 8 29 -1 80 -3 106 
T 11449600 ps
-146 -64 -100 -68 -64 -48 -51 -49 
T 11452800 ps
127 269 105 345 94 290 130 252 
T 11462400 ps
-2246 -2737 -2109 -2578 -1988 -2366 -1834 -2252 
T 11465600 ps
705 -889 692 -856 778 -880 734 -859 
T 11468800 ps
64 -31 60 15 71 -27 74 -16 
T 11472 ns
261 -456 199 -472 234 -418 233 -432 
T 11475200 ps
-6 -17 3 -48 12 0 -40 10 
T 11478400 ps
-16 112 -23 45 -13 71 47 60 
T 11481600 ps
-68 -55 -106 -45 -87 -71 -164 -98 
T 11484800 ps
32 335 226 257 167 265 108 297 
T 11494400 ps
-1756 -2128 -1667 -1998 -1563 -1885 -1502 -1749 
T 11497600 ps
699 -852 705 -872 703 -848 707 -851 
T 11500800 ps
53 25 54 -23 28 18 108 -21 
T 11504 ns
195 -404 193 -445 145 -427 196 -355 
T 11507200 ps
34 -4 -23 -28 25 -55 -22 3 
T 11510400 ps
-38 99 -12 85 -8 53 6 54 
T 11513600 ps
-91 -81 -108 -143 -126 -58 -136 -33 
T 11516800 ps
94 247 64 222 130 240 129 262 
T 11526400 ps
-1406 -1679 -1322 -1627 -1292 -1535 -1301 -1473 
T 11529600 ps
726 -831 703 -824 837 -720 597 -839 
T 11532800 ps
46 -23 32 -27 66 17 57 -15 
T 11536 ns
232 -389 138 -354 220 -337 185 -397 
T 11539200 ps
0 -9 10 -43 -6 -61 -1 -29 
T 11542400 ps
11 42 -6 67 -28 103 0 80 
T 11545600 ps
8 -101 -32 -79 -32 -129 -75 -43 
T 11548800 ps
101 148 107 293 81 228 120 234 
T 11561600 ps
-1151 -1396 -1154 -1371 -1115 -1275 -1050 -1238 
T 11564800 ps
634 -839 644 -826 678 -768 663 -758 
T 11568 ns
8 -27 77 22 40 12 36 -6 
T 11571200 ps
171 -357 170 -386 154 -393 237 -341 
T 11574400 ps
-21 -40 -24 9 -9 -15 46 -66 
T 11577600 ps
-77 48 57 87 -11 141 6 91 
T 11580800 ps
-96 -49 -87 -24 -112 -74 -68 -90 
T 11584 ns
90 242 67 255 85 250 112 230 
T 11593600 ps
-962 -1137 -1089 -1181 -919 -1130 -969 -1080 
T 11596800 ps
649 -786 637 -775 625 -750 584 -713 
T 11600 ns
79 -2 65 51 88 9 50 -51 
T 11603200 ps
156 -340 201 -261 236 -281 185 -300 
T 11606400 ps
42 -31 11 -41 33 -68 39 -70 
T 11609600 ps
14 49 -24 104 12 43 -25 44 
T 11612800 ps
-103 -30 -111 -57 -114 -43 -68 -23 
T 11616 ns
59 211 4 206 53 266 74 183 
T 11625600 ps
-894 -1089 -921 -995 -870 -978 -857 -938 
T 11628800 ps
600 -729 615 -805 589 -738 606 -752 
T 11632 ns
94 21 66 4 55 -23 42 5 
T 11635200 ps
168 -282 144 -321 163 -288 132 -281 
T 11638400 ps
-62 -69 -11 -51 -28 -18 -21 -4 
T 11641600 ps
9 44 -8 34 34 39 -55 75 
T 11644800 ps
-70 -67 -106 -62 -109 -61 -96 17 
T 11648 ns
41 201 67 162 12 161 55 108 
T 11657600 ps
-785 -908 -731 -933 -728 -845 -719 -831 
T 11660800 ps
608 -725 584 -695 636 -748 597 -692 
T 11664 ns
101 -42 84 -18 96 9 104 12 
T 11667200 ps
210 -326 178 -307 139 -310 130 -287 
T 11670400 ps
49 -26 21 21 -48 27 25 -41 
T 11673600 ps
-1 70 -33 124 -9 29 -24 87 
T 11676800 ps
-45 -76 -98 -122 -144 -43 -66 -72 
T 11680 ns
-11 183 57 152 48 151 47 134 
T 11692800 ps
-700 -789 -667 -754 -715 -775 -720 -774 
T 11696 ns
577 -681 593 -700 622 -673 584 -700 
T 11699200 ps
61 -32 77 -62 47 -15 68 36 
T 11702400 ps
154 -281 120 -251 138 -286 140 -292 
T 11705600 ps
-38 -41 -5 -52 -39 -27 -52 -22 
T 11708800 ps
-16 70 -26 33 -43 104 -5 111 
T 11712 ns
-95 -70 -101 -72 -133 -51 -96 -48 
T 11715200 ps
39 102 -33 112 33 73 39 95 
T 11724800 ps
-653 -755 -570 -750 -669 -692 -591 -708 
T 11728 ns
528 -658 577 -681 583 -681 522 -659 
T 11731200 ps
63 -3 25 -31 73 -70 61 -2 
T 11734400 ps
157 -268 151 -290 189 -247 63 -292 
T 11737600 ps
-3 -17 18 4 1 -30 15 -10 
T 11740800 ps
1 35 -40 24 8 46 15 102 
T 11744 ns
-99 -73 -105 -15 -85 -116 -145 -28 
T 11747200 ps
-4 65 30 73 -38 76 -38 59 
T 11756800 ps
-572 -681 -578 -608 -618 -631 -575 -642 
T 11760 ns
544 -637 571 -606 506 -645 576 -640 
T 11763200 ps
78 1 83 -21 63 -4 13 18 
T 11766400 ps
75 -232 89 -261 132 -289 113 -267 
T 11769600 ps
2 -55 -12 72 44 -7 9 2 
T 11772800 ps
-11 24 12 43 -11 40 -37 33 
T 11776 ns
-60 -69 -117 -115 -117 -30 -107 -38 
T 11779200 ps
-2 -9 -26 54 -81 12 -42 -52 
T 11788800 ps
-530 -604 -569 -587 -516 -598 -565 -575 
T 11792 ns
507 -620 488 -594 540 -625 538 -666 
T 11795200 ps
29 17 60 -30 90 8 114 -36 
T 11798400 ps
116 -261 136 -205 104 -182 144 -254 
T 11801600 ps
-56 -60 5 21 -16 66 -19 -23 
T 11804800 ps
-18 55 35 103 -63 82 53 39 
T 11808 ns
-111 -57 -28 -12 -58 -44 -58 -98 
T 11811200 ps
-67 -72 -33 6 -91 -85 -33 -69 
T 11824 ns
-477 -560 -488 -519 -463 -557 -466 -511 
T 11827200 ps
577 -612 570 -657 510 -571 569 -615 
T 11830400 ps
46 41 71 -12 107 -17 66 -21 
T 11833600 ps
154 -225 133 -221 94 -227 93 -202 
T 11836800 ps
19 -18 -82 -51 -17 -27 -28 -49 
T 11840 ns
-24 49 17 24 9 90 -2 80 
T 11843200 ps
-68 -39 -113 -106 -127 -67 -100 -43 
T 11846400 ps
-85 -94 -38 -100 -99 -66 -102 -193 
T 11856 ns
-480 -511 -444 -468 -489 -477 -455 -486 
T 11859200 ps
531 -577 505 -614 525 -566 543 -583 
T 11862400 ps
100 15 50 16 57 -25 105 -6 
T 11865600 ps
130 -224 166 -232 100 -193 106 -201 
T 11868800 ps
-14 -25 -72 -20 67 -25 43 -40 
T 11872 ns
-26 56 -38 61 -46 141 -2 62 
T 11875200 ps
-94 -51 -50 -76 -107 -77 -125 -84 
T 11878400 ps
-101 -205 -111 -189 -165 -244 -121 -216 
T 11888 ns
-412 -466 -440 -428 -422 -425 -425 -414 
T 11891200 ps
501 -600 462 -564 491 -537 508 -570 
T 11894400 ps
42 -14 41 -9 55 26 91 -44 
T 11897600 ps
34 -152 64 -220 122 -209 148 -236 
T 11900800 ps
30 -20 -8 -18 -6 -31 11 -6 
T 11904 ns
-16 85 61 93 6 62 35 -25 
T 11907200 ps
-92 -92 -65 -77 -111 -82 -41 -60 
T 11910400 ps
-169 -279 -173 -323 -177 -366 -217 -351 
T 11920 ns
-400 -404 -387 -424 -397 -437 -368 -415 
T 11923200 ps
543 -540 486 -569 491 -525 524 -563 
T 11926400 ps
77 -11 30 -27 33 -3 -7 -10 
T 11929600 ps
123 -189 64 -220 75 -186 113 -180 
T 11932800 ps
20 -38 21 -10 13 -7 22 5 
T 11936 ns
50 75 9 24 -50 18 5 108 
T 11939200 ps
-125 -63 -120 -63 -81 -29 -91 -32 
T 11942400 ps
-234 -408 -265 -433 -310 -529 -256 -499 
T 11955200 ps
-386 -394 -401 -456 -388 -366 -394 -387 
T 11958400 ps
504 -541 515 -551 444 -533 507 -543 
T 11961600 ps
32 32 31 -12 99 1 67 -34 
T 11964800 ps
40 -164 90 -231 97 -193 54 -228 
T 11968 ns
28 -36 11 -28 14 2 50 -1 
T 11971200 ps
-41 116 -20 32 81 0 -44 30 
T 11974400 ps
-102 -50 -105 -64 -121 -53 -75 -82 
T 11977600 ps
-317 -637 -315 -660 -348 -700 -479 -733 
T 11987200 ps
-313 -399 -353 -372 -338 -399 -318 -351 
T 11990400 ps
462 -539 506 -534 535 -541 442 -510 
T 11993600 ps
31 -17 54 -1 74 -11 54 3 
T 11996800 ps
55 -198 170 -231 69 -231 89 -215 
T 12 us
39 -23 -21 -18 20 -37 4 -53 
T 12003200 ps
-13 64 55 35 -16 98 -17 69 
T 12006400 ps
-81 -61 -100 -101 -128 -37 -128 -63 
T 12009600 ps
-438 -925 -473 -1004 -458 -1076 -536 -1210 
T 12019200 ps
-338 -390 -295 -366 -379 -245 -370 -278 
T 12022400 ps
437 -514 505 -508 442 -527 503 -525 
T 12025600 ps
59 27 57 -14 46 10 67 39 
T 12028800 ps
117 -205 79 -157 51 -194 28 -163 
T 12032 ns
-20 -26 -15 -50 -39 -111 -6 -48 
T 12035200 ps
-34 39 28 43 5 68 4 54 
T 12038400 ps
-93 -67 -135 -90 -84 -62 -167 -89 
T 12041600 ps
-634 -1354 -698 -1444 -764 -1661 -861 -1872 
T 12051200 ps
-337 -299 -312 -285 -341 -277 -311 -330 
T 12054400 ps
454 -495 433 -472 448 -552 516 -453 
T 12057600 ps
1 -63 74 -51 67 -63 49 10 
T 12060800 ps
-767 -175 151 -168 150 -195 72 -210 
T 12064 ns
-35 -25 -38 -11 -3 -67 -1 -20 
T 12067200 ps
-5 20 -22 77 1 65 23 74 
T 12070400 ps
-109 -81 -68 -53 -127 -17 -113 -128 
T 12073600 ps
-980 -2180 -1116 -2535 -1341 -2952 -1589 -3585 
T 12086400 ps
-300 -339 -304 -250 -350 -275 -276 -284 
T 12089600 ps
528 -457 291 -378 397 -473 431 -456 
T 12092800 ps
60 -5 82 -40 31 4 -41 57 
T 12096 ns
107 -142 81 -125 103 -229 96 -155 
T 12099200 ps
28 -11 -32 -66 22 -53 24 -22 
T 12102400 ps
33 112 26 71 -6 80 -38 51 
T 12105600 ps
-76 -101 -142 -52 -123 -96 -103 -83 
T 12108800 ps
-1926 -4443 -2492 -5682 -3372 -7904 -5383 -12270 
T 12118400 ps
-313 -301 -303 -307 -263 -296 -271 -271 
T 12121600 ps
414 -480 368 -480 442 -474 406 -466 
T 12124800 ps
88 -22 73 -45 118 95 27 5 
T 12128 ns
113 -168 99 -124 76 -65 84 -162 
T 12131200 ps
-13 -55 -13 -69 -41 -20 45 -27 
T 12134400 ps
-15 89 23 27 -9 79 -7 21 
T 12137600 ps
-174 -114 -105 -111 -114 -91 -69 -43 
T 12140800 ps
-11726 -27127 14704 -9725 9317 21842 4999 11893 
T 12150400 ps
-303 -291 -315 -260 -281 -196 -276 -265 
T 12153600 ps
399 -433 379 -449 389 -441 472 -453 
T 12156800 ps
55 -1 45 -8 69 10 58 -9 
T 12160 ns
123 -167 88 -160 121 -128 121 -185 
T 12163200 ps
19 -41 43 -34 -17 -4 -22 -19 
T 12166400 ps
-54 34 -114 160 30 74 11 2 
T 12169600 ps
-63 -83 -57 -78 -175 -102 -76 -111 
T 12172800 ps
3542 8228 2665 6339 2206 5217 1846 4454 
T 12182400 ps
-266 -243 -293 -287 -211 -278 -275 -262 
T 12185600 ps
432 -434 388 -426 395 -456 405 -435 
T 12188800 ps
57 -40 112 -18 79 2 55 50 
T 12192 ns
177 -144 135 -91 -78 -258 48 -198 
T 12195200 ps
-44 -27 17 -43 -5 40 9 -50 
T 12198400 ps
17 71 39 43 50 59 -24 54 
T 12201600 ps
-103 -70 -92 -64 -127 -60 -53 -46 
T 12204800 ps
1616 3885 1492 3476 1271 3173 1201 2917 
T 12217600 ps
-266 -289 -251 -218 -229 -202 -279 -228 
T 12220800 ps
393 -462 411 -462 414 -381 435 -418 
T 12224 ns
92 49 78 -7 31 22 72 -7 
T 12227200 ps
37 -227 62 -170 59 -141 124 -125 
T 12230400 ps
-28 -47 7 -18 5 0 -23 -26 
T 12233600 ps
-48 25 -32 29 -33 12 -10 31 
T 12236800 ps
-114 -73 -70 -105 -103 -76 -62 -87 
T 12240 ns
1108 2694 1025 2509 950 2364 917 2226 
T 12249600 ps
-293 -221 -204 -238 -234 -190 -201 -201 
T 12252800 ps
406 -462 411 -392 405 -436 364 -426 
T 12256 ns
73 -13 92 0 75 -7 68 -40 
T 12259200 ps
126 -140 36 -102 77 -145 71 -129 
T 12262400 ps
9 -59 18 -12 -10 -36 -3 -37 
T 12265600 ps
-13 87 -10 33 8 75 -7 45 
T 12268800 ps
-161 -123 -134 -114 -103 -39 -124 -78 
T 12272 ns
875 2041 845 1999 844 1936 670 1840 
T 12281600 ps
-237 -185 -236 -223 -268 -186 -207 -186 
T 12284800 ps
403 -474 418 -437 430 -395 359 -413 
T 12288 ns
88 -18 63 -14 97 -23 66 -11 
T 12291200 ps
69 -175 131 -104 88 -121 73 -156 
T 12294400 ps
-27 -77 44 -29 -16 -28 -7 0 
T 12297600 ps
-26 61 41 56 -5 22 10 86 
T 12300800 ps
-144 -96 -83 -90 -93 -75 -128 -63 
T 12304 ns
672 1786 652 1711 621 1684 624 1573 
T 12313600 ps
-269 -182 -242 -197 -312 -148 -198 -203 
T 12316800 ps
400 -402 430 -404 435 -435 393 -406 
T 12320 ns
125 -40 15 16 51 17 46 -1 
T 12323200 ps
89 -115 70 -161 64 -144 139 -133 
T 12326400 ps
-17 -34 64 39 -12 -54 -54 -67 
T 12329600 ps
-7 17 -47 47 -36 16 -6 63 
T 12332800 ps
-79 -100 -105 -90 -127 -107 -78 -73 
T 12336 ns
604 1566 581 1484 583 1413 532 1434 
T 12348800 ps
-198 -198 -216 -200 -221 -192 -232 -129 
T 12352 ns
356 -395 354 -403 408 -384 314 -374 
T 12355200 ps
59 1 28 6 57 -24 106 29 
T 12358400 ps
91 -112 79 -150 30 -114 77 -149 
T 12361600 ps
28 -14 44 -24 -23 -18 -44 -89 
T 12364800 ps
-5 84 -19 58 29 79 11 21 
T 12368 ns
-85 -57 -120 -126 -129 -74 -138 -103 
T 12371200 ps
520 1385 520 1381 519 1349 448 1328 
T 12380800 ps
-213 -150 -204 -138 -195 -261 -193 -197 
T 12384 ns
441 -337 405 -406 402 -422 395 -389 
T 12387200 ps
47 -22 94 24 98 -24 5 13 
T 12390400 ps
58 -148 99 -142 73 -162 54 -109 
T 12393600 ps
7 -10 -20 -6 5 -47 -41 -53 
T 12396800 ps
-14 58 -20 27 -21 41 28 -8 
T 12400 ns
-85 -102 -90 -104 -104 -92 -107 -63 
T 12403200 ps
485 1317 462 1207 516 1253 449 1228 
T 12412800 ps
-161 -145 -208 -159 -216 -142 -174 -101 
T 12416 ns
377 -383 334 -364 381 -353 362 -323 
T 12419200 ps
91 21 9 -38 57 17 69 10 
T 12422400 ps
80 -179 122 -104 88 -172 75 -141 
T 12425600 ps
19 -53 8 -53 22 -14 -22 -87 
T 12428800 ps
-36 72 1 71 -30 -26 -29 88 
T 12432 ns
-89 -107 -81 -134 -91 -129 -129 -82 
T 12435200 ps
413 1204 429 1187 387 1145 446 1122 
T 12444800 ps
-215 -133 -172 -184 -231 -135 -219 -178 
T 12448 ns
329 -428 363 -371 422 -343 407 -320 
T 12451200 ps
26 -20 83 -35 60 -54 38 19 
T 12454400 ps
63 -158 87 -131 110 -144 62 -91 
T 12457600 ps
-39 -83 22 -32 -25 -67 17 -4 
T 12460800 ps
-52 31 6 30 -29 58 4 7 
T 12464 ns
-132 -88 -61 -81 -68 -56 -56 -93 
T 12467200 ps
434 1125 382 1090 375 1083 361 1058 
T 12480 ns
-183 -148 -189 -109 -227 -117 -252 -99 
T 12483200 ps
328 -284 411 -374 347 -392 359 -370 
T 12486400 ps
51 8 57 11 36 -24 65 -54 
T 12489600 ps
87 -71 75 -132 37 -138 31 -94 
T 12492800 ps
13 -40 -25 -57 -25 -37 -4 -41 
T 12496 ns
-49 81 -52 21 26 43 2 75 
T 12499200 ps
-153 -84 -123 -65 -112 -70 -9 -18 
T 12502400 ps
368 1080 364 1039 404 1037 374 1039 
T 12512 ns
-194 -120 -166 -115 -198 -172 -209 -139 
T 12515200 ps
365 -357 399 -374 390 -287 317 -358 
T 12518400 ps
22 -6 12 7 125 33 90 18 
T 12521600 ps
109 -139 75 -132 26 -138 33 -149 
T 12524800 ps
26 -44 -14 -11 -26 -30 -41 -17 
T 12528 ns
-26 20 -6 21 19 22 -40 77 
T 12531200 ps
-202 -90 -100 -133 -133 -103 -104 -42 
T 12534400 ps
386 1046 350 959 379 1017 400 928 
T 12544 ns
-193 -94 -185 -92 -195 -96 -169 -138 
T 12547200 ps
382 -347 361 -359 375 -291 343 -334 
T 12550400 ps
103 -96 82 -11 150 -45 -21 18 
T 12553600 ps
73 -108 69 -117 77 -100 84 -146 
T 12556800 ps
-5 -22 45 -28 17 -42 -39 0 
T 12560 ns
17 92 -96 52 -210 36 -30 53 
T 12563200 ps
-141 -120 -70 -121 -160 -69 -83 -88 
T 12566400 ps
354 997 328 922 280 965 369 929 
T 12576 ns
-177 -116 -163 -77 -165 -99 -168 -86 
T 12579200 ps
363 -292 392 -305 368 -292 384 -313 
T 12582400 ps
15 -36 54 36 51 -13 72 6 
T 12585600 ps
60 -114 41 -111 124 -144 118 -144 
T 12588800 ps
37 -66 -9 -41 -19 -81 -10 -32 
T 12592 ns
46 51 -17 30 37 17 -7 38 
T 12595200 ps
-147 -102 -154 -138 -131 -147 -134 -40 
T 12598400 ps
345 921 342 892 333 885 319 945 
T 12611200 ps
-191 -107 -159 -143 -190 -142 -206 -134 
T 12614400 ps
324 -278 333 -290 360 -283 420 -317 
T 12617600 ps
15 -17 41 -11 -3 3 84 -26 
T 12620800 ps
95 -186 40 -113 87 -112 4 -104 
T 12624 ns
21 -99 -9 3 24 -26 48 -44 
T 12627200 ps
7 25 -72 43 -23 58 7 68 
T 12630400 ps
-105 -105 -121 -69 -111 -119 -154 -92 
T 12633600 ps
344 909 305 930 318 891 307 855 
T 12643200 ps
-149 -74 -172 -104 -174 -150 -179 -115 
T 12646400 ps
363 -290 333 -280 377 -318 277 -372 
T 12649600 ps
73 14 -8 -2 54 -22 97 -11 
T 12652800 ps
59 -105 80 -95 35 -86 28 -137 
T 12656 ns
-35 -12 -120 20 -32 -44 3 -49 
T 12659200 ps
-24 55 28 49 -50 33 -86 47 
T 12662400 ps
-89 -100 -112 -98 -76 -64 -77 -101 
T 12665600 ps
336 894 289 844 256 873 319 872 
T 12675200 ps
-194 -89 -187 -19 -153 -98 -191 -65 
T 12678400 ps
366 -321 294 -342 359 -257 342 -283 
T 12681600 ps
48 25 76 -28 29 -22 78 38 
T 12684800 ps
65 -61 68 -67 12 -110 40 -120 
T 12688 ns
18 -45 3 -75 41 -28 -39 -71 
T 12691200 ps
-15 66 -55 35 -18 56 1 40 
T 12694400 ps
-108 -123 -128 -126 -117 -100 -120 -94 
T 12697600 ps
282 898 271 860 301 813 311 897 
T 12707200 ps
-133 -37 -187 -99 -132 57 -147 -123 
T 12710400 ps
364 -278 360 -325 348 -344 371 -264 
T 12713600 ps
32 10 42 30 91 -46 51 -17 
T 12716800 ps
9 -113 89 -140 15 -87 120 -133 
T 12720 ns
-1 -43 -17 13 -8 -13 -23 -15 
T 12723200 ps
-47 17 3 50 -19 61 -54 69 
T 12726400 ps
-146 -78 -166 -124 -135 -74 -149 -121 
T 12729600 ps
328 848 306 841 254 836 285 874 
T 12742400 ps
-130 -80 -239 -57 -206 -85 -220 -23 
T 12745600 ps
307 -286 330 -254 330 -289 335 -274 
T 12748800 ps
38 0 66 4 51 22 -5 20 
T 12752 ns
113 -116 52 -128 29 -145 80 -108 
T 12755200 ps
14 -48 47 -37 -12 -61 -30 -23 
T 12758400 ps
-4 25 -17 45 -17 162 -34 15 
T 12761600 ps
-114 -112 -114 -62 -125 -88 -165 -98 
T 12764800 ps
278 783 241 815 268 810 245 793 
T 12774400 ps
-167 -46 -223 -88 -188 -50 -176 -93 
T 12777600 ps
320 -272 324 -252 323 -307 332 -263 
T 12780800 ps
49 18 35 -26 36 50 8 -17 
T 12784 ns
51 -94 82 -89 58 -79 129 -60 
T 12787200 ps
-47 -50 -13 -46 -38 -56 106 73 
T 12790400 ps
-5 45 -57 5 -30 24 -15 90 
T 12793600 ps
-135 -118 -111 -84 -54 -92 -114 -111 
T 12796800 ps
308 795 241 794 267 764 264 811 
T 12806400 ps
-188 -95 -187 -97 -267 -42 -176 -82 
T 12809600 ps
337 -259 297 -226 294 -298 331 -301 
T 12812800 ps
38 -29 60 -6 61 20 -49 101 
T 12816 ns
111 -91 99 -148 68 -100 83 -113 
T 12819200 ps
34 -21 33 -67 -7 -22 0 -28 
T 12822400 ps
4 58 -60 41 -11 31 -4 74 
T 12825600 ps
-112 -95 -82 -106 -115 -164 -107 -119 
T 12828800 ps
182 794 222 767 215 765 256 762 
T 12838400 ps
-191 -95 -219 -139 -315 -78 -620 -109 
T 12841600 ps
289 -263 294 -274 307 -263 318 -256 
T 12844800 ps
65 -23 -2 -78 138 37 57 30 
T 12848 ns
118 -81 47 -100 41 -119 33 -122 
T 12851200 ps
-11 -11 -31 -33 -23 -12 4 -11 
T 12854400 ps
18 18 -27 79 8 42 -37 37 
T 12857600 ps
-55 -107 -148 -70 -124 -83 -213 -118 
T 12860800 ps
237 776 212 765 206 770 136 795 
T 12873600 ps
490 71 25 -11 -37 12 -45 13 
T 12876800 ps
337 -272 375 -235 320 -240 320 -288 
T 12880 ns
18 -15 63 19 67 22 23 51 
T 12883200 ps
56 -33 96 -77 59 -119 65 -63 
T 12886400 ps
-30 -41 37 1 9 -22 -21 -39 
T 12889600 ps
-30 41 -50 20 -25 41 -9 51 
T 12892800 ps
-134 -115 -205 -97 -51 -108 -129 -57 
T 12896 ns
203 682 265 738 208 724 218 706 
T 12905600 ps
-53 -33 -107 -35 -98 -61 -108 11 
T 12908800 ps
314 -279 334 -207 271 -206 327 -244 
T 12912 ns
48 -18 46 16 3 -28 29 2 
T 12915200 ps
66 -110 84 -57 17 -90 46 -119 
T 12918400 ps
17 -29 -1 -7 -40 -61 30 -9 
T 12921600 ps
29 64 -7 68 -44 45 26 49 
T 12924800 ps
-112 -248 -102 -118 -101 -90 -167 -132 
T 12928 ns
225 771 215 722 254 681 239 688 
T 12937600 ps
-100 -33 -139 -51 -94 -39 -106 8 
T 12940800 ps
364 -245 347 -248 329 -200 308 -245 
T 12944 ns
37 0 52 8 17 44 117 -13 
T 12947200 ps
37 -165 20 -102 20 -91 87 -70 
T 12950400 ps
36 -55 -69 -63 -14 -37 -6 -90 
T 12953600 ps
27 8 -48 5 -6 55 -41 2 
T 12956800 ps
-109 -152 -144 -70 -113 -60 -137 -121 
T 12960 ns
202 696 227 711 211 734 208 751 
T 12969600 ps
-64 -35 -142 -4 -105 -9 -59 -44 
T 12972800 ps
333 -256 312 -289 336 -194 271 -221 
T 12976 ns
88 -19 11 -61 49 1 61 28 
T 12979200 ps
53 -65 61 -108 31 -86 97 -69 
T 12982400 ps
4 -67 -22 -54 -19 -23 -29 -22 
T 12985600 ps
0 7 -51 -16 -21 61 -42 44 
T 12988800 ps
-132 -111 -115 -109 -141 -105 -113 -134 
T 12992 ns
188 752 240 751 164 721 204 704 
T 13004800 ps
-53 11 147 83 -102 -82 -66 -11 
T 13008 ns
318 -215 284 -204 294 -237 303 -153 
T 13011200 ps
60 -42 59 -19 123 35 5 16 
T 13014400 ps
17 -39 57 -56 34 -132 12 0 
T 13017600 ps
-5 -47 -21 -57 26 -60 -32 -11 
T 13020800 ps
-25 70 -15 37 -49 36 -38 46 
T 13024 ns
-110 -90 -133 -99 -163 -97 -123 -42 
T 13027200 ps
228 718 244 721 171 703 161 697 
T 13036800 ps
-123 -82 -134 -43 -109 -90 -122 2 
T 13040 ns
294 -182 345 -199 202 -154 341 -193 
T 13043200 ps
94 21 -22 -17 50 19 44 -56 
T 13046400 ps
69 -192 67 -147 119 -89 63 -147 
T 13049600 ps
-9 -10 18 -63 5 -38 -10 -26 
T 13052800 ps
-47 25 -8 70 -11 57 -24 34 
T 13056 ns
-98 -169 -26 -153 -234 -123 -156 -128 
T 13059200 ps
194 683 246 694 208 744 190 696 
T 13068800 ps
-115 -59 -149 -22 -102 1 -123 -14 
T 13072 ns
344 -204 306 -271 338 -183 320 -224 
T 13075200 ps
20 -52 41 -10 1 -96 99 16 
T 13078400 ps
50 -80 127 -59 7 -79 21 -112 
T 13081600 ps
-69 -39 -55 4 -16 5 -13 -24 
T 13084800 ps
25 55 7 62 -17 64 -25 37 
T 13088 ns
-92 -146 -105 -80 -135 -90 -207 -170 
T 13091200 ps
187 683 186 702 210 712 182 649 
T 13100800 ps
-67 -10 -123 -8 -148 -32 -137 -47 
T 13104 ns
331 -173 338 -208 286 -187 315 -214 
T 13107200 ps
101 60 57 -8 103 13 -4 74 
T 13110400 ps
52 8 105 -95 109 -104 4 -110 
T 13113600 ps
-9 -24 -37 -46 -6 -16 21 -47 
T 13116800 ps
-28 42 19 75 -7 16 -102 109 
T 13120 ns
-157 -130 -141 -126 -177 -129 -148 -136 
T 13123200 ps
199 689 116 654 198 653 201 649 
T 13136 ns
-128 -30 -114 -20 -151 8 -161 -1 
T 13139200 ps
284 -144 307 -210 357 -181 308 -124 
T 13142400 ps
61 1 82 32 49 -12 36 12 
T 13145600 ps
81 -94 6 -74 108 -109 89 -67 
T 13148800 ps
-24 0 -16 -82 7 6 -21 -35 
T 13152 ns
17 27 10 59 18 -46 -5 5 
T 13155200 ps
-145 -143 -124 -110 -73 -126 -194 -156 
T 13158400 ps
204 645 199 651 195 698 178 652 
T 13168 ns
-111 27 -149 5 -92 -29 -79 -27 
T 13171200 ps
291 -198 277 -192 345 -176 388 -170 
T 13174400 ps
-5 35 7 13 61 14 19 -5 
T 13177600 ps
-8 -128 56 -80 37 -41 49 -134 
T 13180800 ps
-17 -27 -25 -67 38 -45 7 -81 
T 13184 ns
-20 9 6 43 -38 43 -7 3 
T 13187200 ps
-151 -127 -97 -75 -131 -140 -115 -187 
T 13190400 ps
187 631 203 663 210 636 176 647 
T 13200 ns
-133 -54 -154 -30 -73 -22 -118 -27 
T 13203200 ps
391 -118 320 -159 335 -187 391 -136 
T 13206400 ps
9 24 94 -20 96 -15 29 -34 
T 13209600 ps
93 -115 -3 -81 50 -49 16 -85 
T 13212800 ps
3 -22 10 22 -31 -90 16 -43 
T 13216 ns
-34 41 -17 38 -12 66 -32 43 
T 13219200 ps
-83 -100 -118 -172 -108 -85 -115 -144 
T 13222400 ps
184 654 186 648 141 628 179 648 
T 13232 ns
-117 10 -76 32 -124 -28 -135 39 
T 13235200 ps
350 -128 337 -69 399 -148 338 -178 
T 13238400 ps
25 -4 29 -3 54 -4 84 -10 
T 13241600 ps
43 -61 51 -66 22 -132 49 -97 
T 13244800 ps
-45 2 -20 -58 -4 -44 -39 -11 
T 13248 ns
-45 -21 -60 4 -16 27 -15 7 
T 13251200 ps
-115 -176 -105 -135 -126 -116 -150 -122 
T 13254400 ps
190 640 186 637 201 603 178 594 
T 13267200 ps
-47 -26 -122 -12 -85 16 -88 16 
T 13270400 ps
356 -147 332 -149 345 -95 380 -115 
T 13273600 ps
36 11 49 39 119 -20 28 -2 
T 13276800 ps
8 -35 66 -84 98 -98 1 -98 
T 13280 ns
-3 -52 -2 -14 -1 -64 -66 -50 
T 13283200 ps
-55 8 5 28 36 -2 -35 72 
T 13286400 ps
-134 -153 -141 -117 -161 -160 -158 -168 
T 13289600 ps
173 648 187 667 135 629 160 663 
T 13299200 ps
-75 -48 -147 -24 -111 -17 -85 30 
T 13302400 ps
343 -108 289 -155 355 -109 367 -126 
T 13305600 ps
-4 33 90 17 42 -20 95 36 
T 13308800 ps
80 -52 71 -142 79 -42 62 -94 
T 13312 ns
-35 10 -31 -22 5 -19 -31 -28 
T 13315200 ps
-26 21 -52 56 -32 42 -96 23 
T 13318400 ps
-122 -135 -120 -163 -172 -132 -111 -78 
T 13321600 ps
181 741 114 655 168 615 133 659 
T 13331200 ps
-82 2 -66 -69 -184 -42 -140 30 
T 13334400 ps
350 -116 344 -162 326 -123 380 -62 
T 13337600 ps
44 32 34 1 70 56 56 6 
T 13340800 ps
26 -91 50 -97 54 -57 29 -69 
T 13344 ns
-14 -134 -48 -11 -78 -64 -20 -54 
T 13347200 ps
-63 71 -1 59 -27 46 -15 71 
T 13350400 ps
-100 -108 -128 -161 -120 -114 -88 -194 
T 13353600 ps
157 638 149 590 117 608 108 646 
T 13363200 ps
-90 56 -74 -12 -73 21 -132 6 
T 13366400 ps
384 -109 397 -112 393 -130 361 -67 
T 13369600 ps
65 -53 6 6 41 -19 92 64 
T 13372800 ps
39 -81 91 -54 63 -66 34 -94 
T 13376 ns
-14 -22 4 -78 -41 -15 10 -68 
T 13379200 ps
-33 26 -56 33 20 15 -6 46 
T 13382400 ps
-133 -125 -124 -144 -135 -203 -138 -198 
T 13385600 ps
188 650 162 631 170 667 121 645 
T 13398400 ps
-86 18 -90 23 -136 20 -139 -9 
T 13401600 ps
375 -34 382 -65 421 -40 424 -41 
T 13404800 ps
51 3 61 8 37 -25 -41 73 
T 13408 ns
31 -91 14 -69 44 -95 40 -62 
T 13411200 ps
-22 -56 -4 -29 6 -32 13 -17 
T 13414400 ps
-48 -13 13 -8 40 -1 -1 -16 
T 13417600 ps
-107 -181 -147 -146 -147 -191 -153 -107 
T 13420800 ps
140 600 145 628 141 594 199 625 
T 13430400 ps
-79 40 -67 40 -132 1 -105 -38 
T 13433600 ps
378 -61 425 14 406 5 437 -29 
T 13436800 ps
68 35 5 -2 -1 8 16 7 
T 13440 ns
90 -58 36 -100 63 -89 47 -61 
T 13443200 ps
9 -54 -99 -60 -42 -51 -57 -4 
T 13446400 ps
-57 -6 -70 11 9 14 -12 74 
T 13449600 ps
-122 -145 -171 -174 -169 -162 -146 -177 
T 13452800 ps
143 639 147 605 104 600 170 634 
T 13462400 ps
-114 20 -106 36 -120 -5 -105 14 
T 13465600 ps
507 14 440 -13 454 28 491 -12 
T 13468800 ps
60 -10 58 44 29 22 56 -17 
T 13472 ns
130 -30 13 -60 34 -116 65 -62 
T 13475200 ps
-4 -26 -20 -70 32 -55 3 -64 
T 13478400 ps
-28 9 -29 -16 1 -29 0 23 
T 13481600 ps
-102 -140 -152 -162 -145 -158 -98 -137 
T 13484800 ps
181 601 146 591 185 599 146 661 
T 13494400 ps
-63 -2 -144 21 -65 8 -40 9 
T 13497600 ps
514 70 549 119 561 146 627 142 
T 13500800 ps
37 2 11 20 53 -30 -143 -22 
T 13504 ns
50 -92 85 -64 9 -55 54 -95 
T 13507200 ps
-53 -32 -18 -43 -5 -8 -22 -35 
T 13510400 ps
65 39 -46 32 -28 -19 -30 -49 
T 13513600 ps
-121 -164 -85 -150 -115 -138 -87 -220 
T 13516800 ps
129 633 166 591 100 606 151 620 
T 13529600 ps
-119 6 -101 70 -173 41 -100 36 
T 13532800 ps
605 233 663 255 701 323 800 472 
T 13536 ns
62 -23 53 18 93 37 32 46 
T 13539200 ps
59 -75 11 -65 -14 -75 -14 -77 
T 13542400 ps
-23 4 -57 -14 -23 -49 52 -44 
T 13545600 ps
-62 -62 -106 -256 78 332 -9 135 
T 13548800 ps
-128 -143 -163 -170 -77 -89 -84 -210 
T 13552 ns
116 594 146 616 141 638 121 616 
T 13561600 ps
-67 39 -126 43 -93 28 -88 -12 
T 13564800 ps
893 481 1039 680 1221 806 1422 1150 
T 13568 ns
76 4 96 -9 88 7 64 32 
T 13571200 ps
52 -58 56 -118 116 24 33 -50 
T 13574400 ps
-73 -109 -30 -49 35 -30 -14 -30 
T 13577600 ps
-14 72 -32 97 -6 57 -17 55 
T 13580800 ps
-104 -170 -120 -177 -86 -145 -218 -182 
T 13584 ns
139 579 155 595 163 619 72 651 
T 13593600 ps
-54 -10 -40 16 -112 -48 -56 31 
T 13596800 ps
2037 1770 3459 3325 16094 16953 -5340 -6229 
T 13600 ns
9 5 85 -11 61 9 57 -24 
T 13603200 ps
40 -93 33 -90 54 -39 72 -36 
T 13606400 ps
-66 -80 -26 -40 -20 -22 18 3 
T 13609600 ps
-40 77 -36 52 -9 30 5 34 
T 13612800 ps
-125 -207 -135 -193 -169 -195 -111 -198 
T 13616 ns
101 592 122 635 123 598 129 593 
T 13625600 ps
-81 17 -121 43 -69 25 -80 5 
T 13628800 ps
-2133 -2784 -1265 -1846 -882 -1393 -652 -1147 
T 13632 ns
53 -29 76 -22 22 28 34 29 
T 13635200 ps
21 -68 38 -72 27 -86 73 -91 
T 13638400 ps
-57 9 -13 -47 -37 -125 -34 -21 
T 13641600 ps
-6 33 -24 87 11 28 7 84 
T 13644800 ps
-119 -137 -154 -138 -140 -196 -148 -161 
T 13648 ns
112 605 101 609 66 581 270 684 
T 13660800 ps
-68 1 -113 32 -83 10 -73 13 
T 13664 ns
-480 -974 -371 -877 -292 -728 -232 -688 
T 13667200 ps
30 33 37 0 33 2 75 -47 
T 13670400 ps
34 -65 39 -73 22 -63 33 -64 
T 13673600 ps
-42 -37 -15 -26 -47 -6 -9 -19 
T 13676800 ps
61 61 -74 22 -45 -3 9 -187 
T 13680 ns
-144 -177 -157 -202 -99 -186 -89 -147 
T 13683200 ps
175 628 140 666 133 628 132 601 
T 13692800 ps
-111 23 -54 66 -94 39 -183 38 
T 13696 ns
-254 -607 -145 -670 -111 -594 -93 -520 
T 13699200 ps
65 45 43 17 33 46 51 20 
T 13702400 ps
34 -67 18 -88 40 -47 -15 -85 
T 13705600 ps
-1 -27 -60 54 -6 -31 -21 -12 
T 13708800 ps
-37 40 -2 61 -16 43 -16 65 
T 13712 ns
-137 -181 -157 -169 -117 -274 -147 -206 
T 13715200 ps
119 628 147 615 101 616 150 594 
T 13724800 ps
-127 36 -76 6 -144 2 -136 40 
T 13728 ns
-89 -514 -84 -495 -51 -476 -34 -435 
T 13731200 ps
55 18 36 32 64 0 56 58 
T 13734400 ps
140 -72 115 -75 64 -33 80 -72 
T 13737600 ps
-7 -52 -28 -78 -48 -30 18 -82 
T 13740800 ps
-36 35 13 36 -2 27 -43 10 
T 13744 ns
-113 -186 -124 -156 -132 -176 -106 -140 
T 13747200 ps
87 613 138 592 151 612 131 579 
T 13756800 ps
-57 44 -85 51 -106 27 -125 -6 
T 13760 ns
-69 -526 -7 -454 55 -409 34 -376 
T 13763200 ps
98 -9 37 49 15 32 12 -21 
T 13766400 ps
65 -83 57 -72 83 -58 54 -44 
T 13769600 ps
-17 -38 -41 -33 -34 -39 -33 -64 
T 13772800 ps
-22 43 -7 -29 -42 30 -13 49 
T 13776 ns
-116 -201 -115 -159 -115 -184 -138 -201 
T 13779200 ps
84 608 120 589 110 599 143 605 
T 13792 ns
-84 46 -54 15 -40 8 -88 25 
T 13795200 ps
9 -376 17 -399 49 -370 45 -370 
T 13798400 ps
47 39 33 34 36 -22 13 32 
T 13801600 ps
72 -65 50 -76 53 -23 24 -39 
T 13804800 ps
-40 -16 2 -43 -26 -58 -14 -23 
T 13808 ns
-40 75 2 30 38 -31 -22 53 
T 13811200 ps
-95 -169 -133 -174 -106 -252 -187 -186 
T 13814400 ps
57 632 113 571 106 562 131 570 
T 13824 ns
-108 5 -164 61 -17 60 -75 55 
T 13827200 ps
36 -381 55 -350 44 -368 71 -345 
T 13830400 ps
81 58 67 24 23 34 43 29 
T 13833600 ps
47 -112 -2 -58 37 -49 67 -27 
T 13836800 ps
-14 -43 38 -55 -61 -72 -23 -37 
T 13840 ns
43 68 -74 55 -35 -9 -48 76 
T 13843200 ps
-159 -160 -145 -170 -117 -230 -149 -207 
T 13846400 ps
120 619 143 603 100 576 152 582 
T 13856 ns
-89 -11 -133 69 -65 82 -91 28 
T 13859200 ps
66 -332 98 -313 100 -314 80 -381 
T 13862400 ps
60 34 33 9 35 22 72 85 
T 13865600 ps
48 -67 36 -18 53 9 62 -33 
T 13868800 ps
-27 -79 25 -17 -53 -26 -65 -32 
T 13872 ns
-25 11 -47 44 -55 33 -3 14 
T 13875200 ps
-128 -240 -145 -193 -121 -246 -164 -229 
T 13878400 ps
157 634 99 561 136 566 123 554 
T 13888 ns
-109 37 -90 63 -110 54 -178 68 
T 13891200 ps
96 -297 121 -321 64 -304 99 -294 
T 13894400 ps
60 -12 49 6 50 4 42 16 
T 13897600 ps
31 -52 29 -39 27 -52 74 -50 
T 13900800 ps
-35 -35 -26 -35 -42 -46 -18 -80 
T 13904 ns
-27 104 -16 34 -63 9 22 63 
T 13907200 ps
-152 -226 -97 -202 -142 -212 -138 -196 
T 13910400 ps
166 591 68 516 126 601 127 567 
T 13923200 ps
-35 28 -72 77 -85 55 -60 50 
T 13926400 ps
29 -376 1 -327 97 -277 149 -284 
T 13929600 ps
33 40 59 38 19 7 30 -32 
T 13932800 ps
47 -58 -2 -93 34 -71 60 -46 
T 13936 ns
15 -34 -42 -119 -57 -53 -60 -50 
T 13939200 ps
-24 43 -6 42 -44 22 -18 35 
T 13942400 ps
-121 -214 -157 -204 -65 -205 -94 -208 
T 13945600 ps
126 601 153 576 107 624 79 557 
T 13955200 ps
-100 39 -83 55 -102 48 -125 168 
T 13958400 ps
110 -334 77 -330 91 -272 119 -304 
T 13961600 ps
62 -21 10 38 26 -20 40 11 
T 13964800 ps
49 -37 27 -10 57 -54 62 -92 
T 13968 ns
-10 -31 1 -19 -20 -34 -45 -58 
T 13971200 ps
-17 33 -10 11 14 -3 2 53 
T 13974400 ps
-116 -219 -132 -198 -88 -266 -158 -241 
T 13977600 ps
140 576 116 651 148 607 119 557 
T 13987200 ps
-81 114 -32 -79 24 59 -83 41 
T 13990400 ps
115 -306 102 -286 103 -215 93 -224 
T 13993600 ps
96 17 27 -8 63 10 31 41 
T 13996800 ps
48 -66 39 -80 12 -62 -37 -26 
T 14 us
-1 -32 4 -33 -34 -37 -29 -49 
T 14003200 ps
20 21 -69 19 -40 -18 -34 -9 
T 14006400 ps
-142 -231 -135 -196 -129 -232 -99 -269 
T 14009600 ps
111 569 94 589 127 581 116 549 
T 14019200 ps
-46 79 -68 -10 -71 31 -86 22 
T 14022400 ps
102 -248 114 -258 87 -214 103 -347 
T 14025600 ps
33 12 84 32 22 20 10 38 
T 14028800 ps
48 -63 46 -72 59 -67 17 -84 
T 14032 ns
-44 -61 44 -10 -11 -35 -26 -54 
T 14035200 ps
-63 19 -39 33 26 101 -30 16 
T 14038400 ps
-131 -214 -128 -168 -136 -264 -118 -262 
T 14041600 ps
83 538 113 571 94 562 48 477 
T 14054400 ps
-59 40 -89 30 -97 47 -61 66 
T 14057600 ps
90 -251 75 -226 139 -308 160 -244 
T 14060800 ps
60 -19 25 18 79 81 94 23 
T 14064 ns
62 -56 73 -55 62 -49 41 -67 
T 14067200 ps
7 32 -51 -76 -35 17 -65 -8 
T 14070400 ps
-41 -12 -44 71 -6 45 -19 45 
T 14073600 ps
-148 -253 -89 -324 -71 -241 -108 -221 
T 14076800 ps
115 669 122 528 95 574 116 588 
T 14086400 ps
-69 45 -26 2 -73 36 -81 65 
T 14089600 ps
143 -272 105 -243 159 -245 86 -240 
T 14092800 ps
36 56 59 17 48 15 16 -4 
T 14096 ns
68 -36 -32 -27 32 -41 -14 33 
T 14099200 ps
-35 -35 -74 -108 -27 -60 -31 -83 
T 14102400 ps
-74 23 -24 94 -38 14 -31 33 
T 14105600 ps
-88 -302 -127 -255 -140 -275 -68 -266 
T 14108800 ps
121 599 77 630 93 562 137 588 
T 14118400 ps
-91 84 -74 90 -85 69 -64 -7 
T 14121600 ps
92 -249 127 -226 108 -217 113 -203 
T 14124800 ps
73 44 39 -3 57 39 23 36 
T 14128 ns
-1 -44 56 -79 69 -107 6 -55 
T 14131200 ps
-15 -68 -26 -92 -15 -53 -26 -59 
T 14134400 ps
-69 46 -28 55 -37 80 -4 -12 
T 14137600 ps
-159 -228 -115 -335 -101 -303 -49 -286 
T 14140800 ps
120 573 43 612 74 594 95 544 
T 14150400 ps
-129 30 -111 23 -118 -55 -56 14 
T 14153600 ps
85 -268 129 -263 117 -202 90 -200 
T 14156800 ps
-7 -2 -2 -16 13 48 27 49 
T 14160 ns
59 -78 20 -23 6 -45 15 -49 
T 14163200 ps
-39 -48 -39 -31 12 -31 -48 -96 
T 14166400 ps
-28 3 -132 -2 -62 37 -67 13 
T 14169600 ps
-93 -272 -100 -200 -55 -274 -87 -311 
T 14172800 ps
78 569 41 598 101 624 140 586 
T 14185600 ps
-112 26 -89 45 -89 62 -77 101 
T 14188800 ps
111 -244 108 -291 98 -273 100 -224 
T 14192 ns
32 16 81 -9 29 -10 -19 41 
T 14195200 ps
24 -78 31 -26 101 -48 7 -13 
T 14198400 ps
-42 -68 -19 -53 -39 -28 13 -49 
T 14201600 ps
-48 27 -47 4 -3 46 -33 3 
T 14204800 ps
-78 -314 -53 -299 -57 -280 -33 -329 
T 14208 ns
95 665 122 611 110 609 80 612 
T 14217600 ps
-57 64 -60 54 5 21 -53 29 
T 14220800 ps
138 -238 194 -278 164 -196 82 -208 
T 14224 ns
21 -14 42 18 76 10 35 59 
T 14227200 ps
37 -10 34 -57 76 -13 -35 -44 
T 14230400 ps
-13 -56 -32 -22 -51 -25 19 -43 
T 14233600 ps
-1 9 -53 7 -69 9 -11 -1 
T 14236800 ps
-31 -358 -30 -350 -30 -310 7 -353 
T 14240 ns
80 553 111 562 91 574 114 575 
T 14249600 ps
-81 -20 -92 59 -100 69 -28 12 
T 14252800 ps
151 -202 141 -193 84 -241 181 -220 
T 14256 ns
79 48 55 30 62 35 -17 9 
T 14259200 ps
71 -55 18 -95 31 -34 66 -8 
T 14262400 ps
-17 -36 2 -65 -32 -71 -50 -52 
T 14265600 ps
-42 25 -14 -8 -23 16 -60 19 
T 14268800 ps
-9 -360 -57 -344 6 -385 27 -377 
T 14272 ns
54 606 105 606 -14 585 87 559 
T 14281600 ps
-6 49 -60 47 -57 56 -16 93 
T 14284800 ps
113 -233 119 -199 150 -207 162 -180 
T 14288 ns
18 25 -17 -8 82 33 70 23 
T 14291200 ps
25 -28 10 -80 24 -87 16 -83 
T 14294400 ps
18 -99 10 -41 -13 -78 -40 -43 
T 14297600 ps
-34 78 -36 46 -19 -38 -17 51 
T 14300800 ps
38 -335 63 -406 104 -427 46 -485 
T 14304 ns
82 589 45 567 87 554 81 646 
T 14316800 ps
-75 54 -70 28 -98 6 -76 76 
T 14320 ns
135 -196 167 -216 110 -173 122 -216 
T 14323200 ps
42 23 80 46 26 8 17 49 
T 14326400 ps
36 -79 35 -34 0 -71 17 -85 
T 14329600 ps
25 -28 -110 -68 -70 -42 -30 -28 
T 14332800 ps
-38 41 -40 -21 -45 34 -43 25 
T 14336 ns
104 -481 100 -534 130 -572 173 -573 
T 14339200 ps
49 568 60 597 121 576 42 654 
T 14348800 ps
-78 108 -84 67 -13 58 -46 -46 
T 14352 ns
80 -191 183 -181 143 -207 162 -274 
T 14355200 ps
54 14 51 250 79 18 44 42 
T 14358400 ps
-12 -40 50 -50 37 -11 -2 -24 
T 14361600 ps
-10 -40 -8 1 -91 -108 -58 -78 
T 14364800 ps
-47 56 -16 12 -40 56 -55 25 
T 14368 ns
158 -650 225 -670 325 -832 388 -838 
T 14371200 ps
93 573 77 577 54 616 109 575 
T 14380800 ps
-53 31 76 -40 -147 102 -137 55 
T 14384 ns
117 -189 118 -198 147 -196 177 -193 
T 14387200 ps
0 60 28 54 47 80 53 39 
T 14390400 ps
32 -135 30 -29 33 -21 -6 -94 
T 14393600 ps
-65 -67 -30 -110 3 -60 -57 -117 
T 14396800 ps
-66 42 -29 31 26 -9 8 126 
T 14400 ns
498 -940 618 -1108 889 -1354 1325 -1849 
T 14403200 ps
71 596 67 598 56 576 51 639 
T 14412800 ps
-62 68 -118 65 -83 72 -115 72 
T 14416 ns
165 -216 144 -179 162 -198 149 -208 
T 14419200 ps
91 25 7 18 36 7 44 25 
T 14422400 ps
5 -16 24 -69 7 -10 -17 -22 
T 14425600 ps
-32 -68 -80 -91 -49 -20 -35 -110 
T 14428800 ps
-38 1 -47 0 -9 27 -88 -19 
T 14432 ns
2195 -2697 5507 -6044 -16524 16565 -3526 3253 
T 14435200 ps
122 613 73 602 42 571 58 559 
T 14448 ns
-78 46 -77 -42 -93 35 -40 6 
T 14451200 ps
96 -215 97 -174 120 -218 149 -231 
T 14454400 ps
45 55 20 69 37 89 89 63 
T 14457600 ps
96 -115 11 -51 58 -97 44 -41 
T 14460800 ps
-54 -76 -19 -74 -9 -89 -84 -104 
T 14464 ns
43 56 -68 59 -29 13 -14 40 
T 14467200 ps
-2061 1743 -1520 1151 -1251 797 -1025 531 
T 14470400 ps
95 560 18 572 77 588 119 606 
T 14480 ns
-104 20 -82 47 -106 34 -63 51 
T 14483200 ps
146 -176 126 -243 152 -224 151 -181 
T 14486400 ps
41 39 57 120 46 280 18 -312 
T 14489600 ps
5 -102 41 -66 43 -47 146 -30 
T 14492800 ps
8 -46 -74 -75 -8 -64 -63 -47 
T 14496 ns
-45 15 -43 2 -35 45 16 46 
T 14499200 ps
-913 475 -809 408 -744 346 -660 260 
T 14502400 ps
12 613 94 645 18 564 45 619 
T 14512 ns
-74 100 -111 59 -64 37 -100 -14 
T 14515200 ps
123 -149 139 -187 163 -179 66 -177 
T 14518400 ps
15 -83 83 15 27 -40 38 14 
T 14521600 ps
107 -21 68 -45 38 -52 42 -26 
T 14524800 ps
-22 -70 -29 -91 -8 -89 -66 -84 
T 14528 ns
-32 22 148 -6 -34 44 -45 38 
T 14531200 ps
-643 189 -619 125 -555 128 -576 132 
T 14534400 ps
116 554 39 608 79 597 31 627 
T 14544 ns
-50 64 -41 83 -119 25 -71 16 
T 14547200 ps
114 -160 107 -166 157 -169 163 -205 
T 14550400 ps
1 33 40 6 90 -92 31 14 
T 14553600 ps
103 -111 24 -70 65 -50 -6 -59 
T 14556800 ps
-50 -78 -45 -75 -73 -103 31 -86 
T 14560 ns
-37 59 -28 7 -12 16 -6 -44 
T 14563200 ps
-545 97 -498 170 -506 82 -527 80 
T 14566400 ps
14 558 -9 547 92 553 47 602 
T 14579200 ps
-90 17 -127 33 -104 56 -35 23 
T 14582400 ps
97 -212 190 -172 174 -165 155 -167 
T 14585600 ps
41 26 28 10 -10 2 46 -24 
T 14588800 ps
26 -21 27 -99 12 -47 52 -49 
T 14592 ns
-88 -23 -1 -55 -72 -80 -31 -79 
T 14595200 ps
-40 25 17 -23 -1 42 -30 46 
T 14598400 ps
-511 36 -436 8 -482 54 -444 28 
T 14601600 ps
83 566 60 576 1 640 77 580 
T 14611200 ps
-28 48 -105 25 -60 2 -87 30 
T 14614400 ps
155 -143 172 -137 127 -176 131 -161 
T 14617600 ps
71 -29 37 -9 95 63 54 1 
T 14620800 ps
47 -60 -5 -53 33 -41 27 -37 
T 14624 ns
-90 -36 -23 -57 -48 -12 -11 -60 
T 14627200 ps
-50 6 -23 66 -80 1 -12 -12 
T 14630400 ps
-453 -7 -465 -39 -443 -49 -412 -103 
T 14633600 ps
42 603 74 578 62 602 20 612 
T 14643200 ps
-66 10 -31 33 -26 34 -63 53 
T 14646400 ps
150 -151 163 -177 112 -161 125 -205 
T 14649600 ps
28 36 115 27 138 16 -36 22 
T 14652800 ps
37 -82 40 -17 69 -36 47 -23 
T 14656 ns
-18 -82 -3 -75 -36 -72 -15 -65 
T 14659200 ps
-45 36 -60 -8 -43 -2 -64 20 
T 14662400 ps
-384 -48 -357 -73 -416 -62 -418 -74 
T 14665600 ps
40 591 43 560 40 601 22 606 
T 14675200 ps
-22 47 -60 10 -67 10 -35 86 
T 14678400 ps
119 -182 137 -127 128 -124 118 -137 
T 14681600 ps
26 27 21 9 43 56 47 30 
T 14684800 ps
41 -13 34 -87 55 -50 51 8 
T 14688 ns
-26 -57 -18 -66 -21 -52 -25 -92 
T 14691200 ps
18 -3 8 -2 -3 -13 -3 22 
T 14694400 ps
-358 -61 -423 -53 -371 -70 -327 -112 
T 14697600 ps
80 544 43 554 2 561 108 633 
T 14710400 ps
-56 44 -79 29 -5 70 -79 72 
T 14713600 ps
126 -173 130 -112 147 -160 146 -203 
T 14716800 ps
3 -9 70 40 58 75 34 9 
T 14720 ns
32 -21 107 -31 83 -54 5 -34 
T 14723200 ps
-40 -50 -71 -65 -51 -26 -41 -96 
T 14726400 ps
-47 34 -19 53 -4 -1 -3 -14 
T 14729600 ps
-355 -93 -356 -56 -378 -95 -378 -41 
T 14732800 ps
39 602 72 572 36 581 34 561 
T 14742400 ps
-69 14 -42 81 -98 29 6 25 
T 14745600 ps
177 -206 142 -195 159 -190 101 -179 
T 14748800 ps
33 22 11 46 -4 1 50 -3 
T 14752 ns
48 -7 11 -30 27 -63 16 -36 
T 14755200 ps
-73 -54 -18 -65 -4 -45 -14 -51 
T 14758400 ps
-70 63 -85 36 4 95 8 86 
T 14761600 ps
-339 -126 -351 -122 -358 -145 -350 -103 
T 14764800 ps
67 612 26 639 32 588 53 643 
T 14774400 ps
-75 36 -27 76 -102 63 -86 62 
T 14777600 ps
125 -183 89 -95 142 -153 136 -142 
T 14780800 ps
19 2 5 2 47 18 53 23 
T 14784 ns
37 -67 57 -38 19 -56 21 -65 
T 14787200 ps
-65 -118 -61 -82 -48 -21 -14 -64 
T 14790400 ps
-22 4 -42 -12 13 84 -61 7 
T 14793600 ps
-391 -116 -273 -172 -353 -144 -397 -221 
T 14796800 ps
-22 576 42 551 80 559 50 606 
T 14806400 ps
-71 21 -77 44 -35 39 -78 28 
T 14809600 ps
156 -163 185 -153 123 -158 119 -218 
T 14812800 ps
-6 86 77 20 70 28 74 72 
T 14816 ns
16 -7 56 -56 66 -79 4 -26 
T 14819200 ps
-39 -33 -45 -120 -45 -37 -50 -68 
T 14822400 ps
-27 14 -84 56 -42 5 -16 25 
T 14825600 ps
-344 -162 -303 -176 -330 -138 -334 -124 
T 14828800 ps
49 586 13 623 39 610 55 597 
T 14841600 ps
-58 62 -61 19 -61 16 -114 52 
T 14844800 ps
115 -153 129 -155 125 -166 206 -132 
T 14848 ns
40 20 28 0 30 -1 -6 56 
T 14851200 ps
39 -18 16 -35 10 -47 19 -92 
T 14854400 ps
-54 -78 -35 -61 -123 -160 -70 -100 
T 14857600 ps
-72 40 -28 -18 -64 3 -15 27 
T 14860800 ps
-364 -200 -332 -150 -290 -167 -354 -160 
T 14864 ns
16 677 25 566 11 624 36 547 
T 14873600 ps
-61 -8 -64 9 -78 28 -84 23 
T 14876800 ps
123 -145 182 -155 125 -198 118 -128 
T 14880 ns
55 -10 28 -13 -52 66 9 20 
T 14883200 ps
71 -41 -28 -29 67 -18 23 -70 
T 14886400 ps
-87 -110 2 -81 -14 -80 -46 -89 
T 14889600 ps
-8 38 3 66 -42 -3 -37 21 
T 14892800 ps
-307 -140 -402 -195 -332 -170 -299 -182 
T 14896 ns
28 638 5 636 92 629 42 571 
T 14905600 ps
-57 69 -76 19 -22 24 -38 12 
T 14908800 ps
131 -163 113 -136 139 -131 111 -130 
T 14912 ns
38 -24 31 -46 21 -7 20 26 
T 14915200 ps
21 -9 10 -85 5 -13 89 -72 
T 14918400 ps
-75 -95 -38 -57 -54 -122 -32 -62 
T 14921600 ps
-72 16 -16 21 2 74 -68 45 
T 14924800 ps
-366 -142 -357 -204 -341 -147 -354 -208 
T 14928 ns
2 594 59 582 -8 624 78 571 
T 14937600 ps
-75 33 -72 14 -29 38 -45 8 
T 14940800 ps
122 -128 104 -126 111 -184 136 -151 
T 14944 ns
47 47 59 11 8 -15 21 70 
T 14947200 ps
-9 -27 36 -64 13 -22 8 -56 
T 14950400 ps
-69 -177 -66 -82 -135 -42 -21 -104 
T 14953600 ps
-53 5 -67 53 2 -59 -81 8 
T 14956800 ps
-347 -183 -317 -231 -364 -169 -247 -130 
T 14960 ns
6 596 49 647 32 619 67 617 
T 14972800 ps
-66 27 -31 23 -50 45 -18 -2 
T 14976 ns
117 -163 100 -164 165 -110 133 -99 
T 14979200 ps
55 56 76 44 45 52 -10 0 
T 14982400 ps
-28 -58 101 -31 20 -37 -6 -38 
T 14985600 ps
-26 -131 5 5 -40 -99 6 -130 
T 14988800 ps
-6 -22 -45 101 -80 -1 -40 -28 
T 14992 ns
-327 -188 -254 -180 -371 -190 -418 -176 
T 14995200 ps
63 589 46 616 61 626 71 615 
T 15004800 ps
16 15 -65 -32 -57 20 -26 -28 
T 15008 ns
119 -186 104 -255 155 -134 102 -121 
T 15011200 ps
57 36 45 0 61 44 5 7 
T 15014400 ps
42 -27 73 -78 78 -2 48 -32 
T 15017600 ps
-104 -215 -13 -12 -45 -12 -28 -84 
T 15020800 ps
46 59 19 16 -6 41 -49 -20 
T 15024 ns
-345 -232 -359 -172 -383 -216 -311 -211 
T 15027200 ps
15 572 50 595 35 529 -207 775 
T 15036800 ps
-90 39 -45 23 -53 -15 -58 9 
T 15040 ns
131 -153 125 -158 142 -150 131 -132 
T 15043200 ps
44 59 63 43 40 26 30 -21 
T 15046400 ps
34 -37 53 -31 -4 -9 21 -58 
T 15049600 ps
-42 -53 -19 -59 9 -79 -6 -19 
T 15052800 ps
-16 30 -58 -3 -57 41 -72 97 
T 15056 ns
-300 -165 -287 -271 -360 -232 -390 -285 
T 15059200 ps
-11 638 14 614 9 640 54 623 
T 15068800 ps
-17 15 -29 45 -73 19 -24 13 
T 15072 ns
173 -173 114 -135 141 -102 144 -179 
T 15075200 ps
-5 13 42 36 14 36 5 36 
T 15078400 ps
38 -65 38 -6 93 -16 52 -68 
T 15081600 ps
-21 -61 9 -119 -49 -115 -40 -77 
T 15084800 ps
8 -18 -35 36 -56 53 -33 18 
T 15088 ns
-277 -199 -270 -214 -392 -156 -337 -272 
T 15091200 ps
43 582 -23 675 32 599 39 607 
T 15104 ns
-37 -13 -48 2 -37 -18 14 -3 
T 15107200 ps
123 -152 135 -106 145 -99 112 -77 
T 15110400 ps
49 7 70 62 27 -6 11 42 
T 15113600 ps
36 -39 8 -18 40 38 65 -71 
T 15116800 ps
-19 -15 -24 -98 -65 -78 -46 -89 
T 15120 ns
38 29 -18 75 10 12 -61 -16 
T 15123200 ps
-309 -219 -358 -226 -269 -218 -299 -246 
T 15126400 ps
21 632 25 571 51 583 26 610 
T 15136 ns
-76 -58 -43 -17 -53 -34 -72 -34 
T 15139200 ps
132 -10 154 -80 193 -132 25 -144 
T 15142400 ps
33 -11 16 42 17 -14 65 7 
T 15145600 ps
40 -21 25 -58 0 -8 63 -84 
T 15148800 ps
-48 -100 -33 -41 -27 -88 -48 -84 
T 15152 ns
-81 15 -51 69 -50 29 -32 7 
T 15155200 ps
-357 -243 -360 -264 -349 -224 -369 -249 
T 15158400 ps
59 578 66 651 99 637 174 579 
T 15168 ns
-56 -30 -54 -58 -32 -41 -19 -21 
T 15171200 ps
128 -131 97 -86 77 -132 89 -162 
T 15174400 ps
48 44 37 29 12 43 14 44 
T 15177600 ps
31 -41 -13 18 14 -44 48 -52 
T 15180800 ps
-14 -48 -36 -118 -24 -49 5 -115 
T 15184 ns
-31 48 -12 45 14 9 -28 45 
T 15187200 ps
-394 -214 -371 -233 -340 -245 -284 -244 
T 15190400 ps
606 514 -442 737 -155 681 -115 679 
T 15200 ns
5 -14 -35 -46 -24 -43 -76 -56 
T 15203200 ps
178 -122 115 -163 113 -74 128 -122 
T 15206400 ps
37 66 11 84 63 34 25 13 
T 15209600 ps
48 -79 26 -3 40 -91 53 0 
T 15212800 ps
-39 -102 -79 -66 -52 -89 -80 -110 
T 15216 ns
-43 23 -80 12 -84 43 -63 33 
T 15219200 ps
-303 -234 -365 -184 -339 -282 -333 -255 
T 15222400 ps
-93 636 -51 676 -71 668 -48 615 
T 15235200 ps
-89 -59 5 -33 -60 -66 25 -72 
T 15238400 ps
103 -103 173 -230 100 -124 144 -122 
T 15241600 ps
-17 49 37 -43 20 10 16 19 
T 15244800 ps
19 -62 59 -217 2 -2 26 8 
T 15248 ns
-27 -77 -71 -93 -44 -106 -43 -66 
T 15251200 ps
-32 -6 14 -15 -39 -23 -35 7 
T 15254400 ps
-307 -241 -319 -223 -316 -234 -342 -249 
T 15257600 ps
-68 665 -20 676 -1 671 -17 625 
T 15267200 ps
-68 -47 -71 -95 -27 -87 9 -72 
T 15270400 ps
158 -160 195 -108 88 -148 130 -90 
T 15273600 ps
62 57 53 43 53 -31 30 27 
T 15276800 ps
-5 -39 14 -23 -101 -23 46 -12 
T 15280 ns
-56 -99 -65 -105 -37 -113 13 -106 
T 15283200 ps
-43 33 -20 47 -45 19 -1 -13 
T 15286400 ps
-358 -223 -401 -271 -349 -273 -288 -341 
T 15289600 ps
-36 668 -51 678 -56 638 -45 669 
T 15299200 ps
-10 -76 -9 -34 -20 -51 45 -95 
T 15302400 ps
144 -121 145 -112 149 -107 138 -112 
T 15305600 ps
18 -4 73 32 14 47 40 58 
T 15308800 ps
15 -31 -9 -65 -6 -31 25 -8 
T 15312 ns
-48 -106 -63 -108 -4 -99 -1 -63 
T 15315200 ps
-51 18 -106 9 -38 24 -41 51 
T 15318400 ps
-340 -282 -425 -278 -322 -297 -328 -272 
T 15321600 ps
-2 648 -32 602 -39 512 24 663 
T 15331200 ps
-18 -84 -19 -70 16 -123 32 -95 
T 15334400 ps
148 -120 109 -103 128 -150 102 -129 
T 15337600 ps
55 7 63 60 -34 41 33 -8 
T 15340800 ps
37 -45 52 -46 25 -17 10 -34 
T 15344 ns
-88 -100 -39 -114 -2 -77 -72 -57 
T 15347200 ps
-41 -11 -72 10 -13 -49 -101 6 
T 15350400 ps
-377 -347 -357 -288 -352 -269 -337 -228 
T 15353600 ps
-46 674 -27 701 -74 682 -29 623 
T 15366400 ps
4 -68 -30 -110 11 -59 -11 -127 
T 15369600 ps
141 -96 77 -173 151 -185 79 -99 
T 15372800 ps
63 -69 34 46 -5 35 53 67 
T 15376 ns
-19 -35 23 -93 53 17 32 -101 
T 15379200 ps
-2 -80 -26 -90 -51 -93 -65 -69 
T 15382400 ps
-56 27 -10 40 -42 18 -60 2 
T 15385600 ps
-377 -291 -334 -322 -379 -303 -341 -299 
T 15388800 ps
-76 666 -104 668 4 648 -41 648 
T 15398400 ps
14 -131 1 -160 28 -133 -1 -85 
T 15401600 ps
109 -102 146 -123 102 -94 64 -80 
T 15404800 ps
69 34 7 -30 36 33 40 24 
T 15408 ns
73 -34 17 -39 17 -78 67 -58 
T 15411200 ps
-58 -89 -57 -98 -26 -103 -49 -115 
T 15414400 ps
-6 5 -49 18 -29 89 -47 -13 
T 15417600 ps
-349 -282 -371 -276 -346 -277 -358 -284 
T 15420800 ps
-30 589 -56 642 -104 657 -6 633 
T 15430400 ps
0 -139 14 -154 19 -185 -3 -138 
T 15433600 ps
99 -157 103 -116 205 -54 171 -171 
T 15436800 ps
49 44 29 9 2 72 9 26 
T 15440 ns
5 -23 32 -41 13 -64 78 -98 
T 15443200 ps
-54 -55 -66 -168 -119 -73 -57 -136 
T 15446400 ps
-64 12 -32 29 -14 15 -24 24 
T 15449600 ps
-367 -234 -313 -299 -326 -314 -361 -304 
T 15452800 ps
-30 678 39 674 -62 729 -47 683 
T 15462400 ps
-1 -176 24 -189 32 -176 17 -251 
T 15465600 ps
139 -111 112 -98 183 -123 117 -70 
T 15468800 ps
9 14 50 13 222 36 -3 47 
T 15472 ns
5 -68 64 -29 33 -53 11 -45 
T 15475200 ps
-47 -122 -68 -61 -52 -92 -53 -117 
T 15478400 ps
-16 16 -27 33 -26 12 -62 -7 
T 15481600 ps
-353 -280 -338 -295 -354 -292 -305 -319 
T 15484800 ps
-58 685 -91 672 -64 654 -68 688 
T 15497600 ps
32 -145 13 -230 18 -202 23 -224 
T 15500800 ps
145 -134 144 -125 154 -94 147 -131 
T 15504 ns
2 47 43 50 47 15 47 -18 
T 15507200 ps
1 -43 56 -9 48 -112 24 -27 
T 15510400 ps
-102 -107 -9 -168 -26 -88 -19 -122 
T 15513600 ps
-82 -33 -23 36 5 27 -56 -4 
T 15516800 ps
-304 -327 -375 -300 -379 -285 -355 -280 
T 15520 ns
-70 684 -51 744 -77 673 -125 748 
T 15529600 ps
71 -195 94 -268 24 -263 60 -277 
T 15532800 ps
140 -141 19 -38 85 -79 109 -119 
T 15536 ns
78 98 20 30 76 37 39 26 
T 15539200 ps
53 -37 2 -59 1 -52 71 -6 
T 15542400 ps
-11 -107 -110 -152 -82 -157 -78 -81 
T 15545600 ps
-29 18 -100 109 -2 0 -26 46 
T 15548800 ps
-366 -324 -368 -302 -358 -325 -401 -324 
T 15552 ns
-50 694 -71 710 -50 669 -88 709 
T 15561600 ps
125 -307 104 -317 72 -316 83 -315 
T 15564800 ps
117 -142 159 -96 105 -97 118 -114 
T 15568 ns
31 39 61 78 55 89 88 -4 
T 15571200 ps
21 -36 58 -69 59 -80 42 -41 
T 15574400 ps
-93 -81 -72 -99 -56 -78 -41 -65 
T 15577600 ps
-16 -1 -18 25 -72 80 -47 -45 
T 15580800 ps
-411 -435 -405 -314 -383 -327 -394 -320 
T 15584 ns
-80 697 -113 654 -78 711 -67 726 
T 15593600 ps
112 -313 106 -347 104 -400 127 -389 
T 15596800 ps
106 -126 109 -129 147 -87 82 -121 
T 15600 ns
-10 75 40 55 -9 43 9 47 
T 15603200 ps
53 37 62 -91 36 -59 12 -21 
T 15606400 ps
-88 -101 -28 -149 -22 -144 -113 -109 
T 15609600 ps
-63 63 -32 -16 -72 28 -19 44 
T 15612800 ps
-350 -377 -450 -375 -421 -359 -411 -293 
T 15616 ns
-66 708 -105 682 -85 752 -129 720 
T 15628800 ps
138 -360 165 -433 167 -445 188 -503 
T 15632 ns
122 -109 106 -103 118 -82 67 -79 
T 15635200 ps
25 25 63 23 -12 34 22 41 
T 15638400 ps
25 -57 13 -21 16 -61 28 -3 
T 15641600 ps
-70 -178 -21 -115 -63 -161 -36 -107 
T 15644800 ps
-61 28 -19 2 -71 -5 -46 -6 
T 15648 ns
-401 -387 -459 -407 -388 -312 -406 -367 
T 15651200 ps
-84 756 -98 692 -169 702 -51 726 
T 15660800 ps
171 -443 184 -511 138 -536 200 -561 
T 15664 ns
76 -115 150 -121 117 -73 90 -159 
T 15667200 ps
8 50 -16 5 74 52 94 11 
T 15670400 ps
29 -16 74 -22 -9 -89 -14 -42 
T 15673600 ps
-115 -107 -72 -155 -32 -126 -66 -155 
T 15676800 ps
-21 84 -65 40 -16 10 -15 36 
T 15680 ns
-388 -404 -360 -355 -444 -382 -328 -339 
T 15683200 ps
-106 749 -73 733 -94 742 -115 783 
T 15692800 ps
243 -583 197 -608 206 -572 269 -685 
T 15696 ns
79 -150 83 -99 125 -109 77 -140 
T 15699200 ps
38 24 42 65 58 24 74 4 
T 15702400 ps
77 -59 29 -63 51 -73 7 -83 
T 15705600 ps
-97 -125 -21 -12 -36 -138 -91 -67 
T 15708800 ps
-46 9 -80 2 -58 4 -40 -17 
T 15712 ns
-364 -356 -438 -361 -360 -370 -400 -388 
T 15715200 ps
-116 766 -62 738 -124 768 -138 750 
T 15724800 ps
232 -757 320 -788 359 -839 316 -869 
T 15728 ns
81 -127 92 -104 78 -110 93 -182 
T 15731200 ps
24 21 52 26 24 40 49 54 
T 15734400 ps
56 -14 44 -38 -13 -46 -50 -48 
T 15737600 ps
-52 -133 -66 -146 -55 -99 -40 -123 
T 15740800 ps
24 54 -5 27 -23 11 16 3 
T 15744 ns
-420 -387 -398 -380 -444 -398 -421 -378 
T 15747200 ps
-131 789 -89 745 -48 719 -93 757 
T 15760 ns
388 -954 323 -1067 483 -1088 491 -1157 
T 15763200 ps
138 -101 99 -96 79 -122 131 -144 
T 15766400 ps
-20 20 25 -5 37 0 0 18 
T 15769600 ps
20 -55 33 -48 -5 -42 34 -51 
T 15772800 ps
-46 -176 -81 -135 -15 -94 -117 -235 
T 15776 ns
-43 -4 -66 -39 -28 -1 -48 69 
T 15779200 ps
-418 -422 -455 -429 -417 -390 -434 -382 
T 15782400 ps
-125 762 -160 801 -120 767 -107 760 
T 15792 ns
528 -1218 558 -1435 616 -1516 661 -1698 
T 15795200 ps
58 -80 145 -116 114 -110 133 -75 
T 15798400 ps
30 48 51 82 41 27 27 54 
T 15801600 ps
47 -49 20 42 74 -41 84 -74 
T 15804800 ps
-122 -152 -40 -167 -106 -120 -59 -162 
T 15808 ns
-43 19 -38 -9 -43 7 -34 36 
T 15811200 ps
-420 -418 -433 -444 -431 -527 -433 -414 
T 15814400 ps
-160 760 -121 765 -171 790 -173 771 
T 15824 ns
748 -1860 857 -2144 969 -2297 1082 -2658 
T 15827200 ps
164 -107 114 -63 68 -100 101 -43 
T 15830400 ps
54 32 16 43 22 70 22 26 
T 15833600 ps
-3 -42 11 -40 20 14 24 -33 
T 15836800 ps
-86 -98 -115 -142 -195 -7 46 -142 
T 15840 ns
-85 6 -3 34 -47 -5 -46 -10 
T 15843200 ps
-400 -418 -438 -417 -412 -450 -458 -486 
T 15846400 ps
-170 725 -100 807 -179 757 -197 872 
T 15856 ns
1249 -3079 1502 -3627 1844 -4394 2335 -5510 
T 15859200 ps
66 -155 134 -147 105 -74 145 -86 
T 15862400 ps
58 56 79 76 41 87 -23 -36 
T 15865600 ps
49 -7 49 -48 32 -25 14 -36 
T 15868800 ps
-83 -181 -22 -149 -44 -112 -47 -144 
T 15872 ns
-49 -26 -7 -22 -40 29 -22 19 
T 15875200 ps
-436 -428 -447 -420 -465 -405 -477 -462 
T 15878400 ps
-168 770 -154 799 -187 844 -151 789 
T 15891200 ps
3120 -7375 4648 -10989 9003 -21019 14413 10614 
T 15894400 ps
114 -128 141 -176 137 -124 207 -101 
T 15897600 ps
32 -25 28 85 -4 28 56 13 
T 15900800 ps
24 -47 33 -32 12 -25 -13 -60 
T 15904 ns
-80 -123 -52 -105 -59 -163 -73 -146 
T 15907200 ps
-45 7 -26 33 -62 45 -46 14 
T 15910400 ps
-440 -429 -448 -451 -420 -450 -500 -509 
T 15913600 ps
-151 846 -190 817 -185 810 -150 869 
T 15923200 ps
-12070 27956 -5748 13204 -3760 8712 -2853 6531 
T 15926400 ps
36 -106 94 -131 86 -130 110 -127 
T 15929600 ps
4 12 8 32 9 67 -10 66 
T 15932800 ps
6 -73 16 -50 13 -32 55 -35 
T 15936 ns
-52 -174 -92 -148 -68 -174 -109 -207 
T 15939200 ps
-51 35 -41 -16 -37 5 -25 -10 
T 15942400 ps
-482 -466 -472 -476 -553 -465 -588 -458 
T 15945600 ps
-169 790 -239 863 -172 847 -198 878 
T 15955200 ps
-2303 5241 -1964 4407 -1723 3836 -1497 3326 
T 15958400 ps
130 -168 107 -106 108 -32 53 -57 
T 15961600 ps
-12 56 -17 56 20 27 40 13 
T 15964800 ps
13 -17 35 -39 -4 -35 14 -10 
T 15968 ns
-77 -127 -96 -159 -73 -156 -93 -152 
T 15971200 ps
-83 17 -118 23 5 17 -56 26 
T 15974400 ps
-332 -442 -507 -420 -444 -451 -434 -467 
T 15977600 ps
-146 870 -218 844 -115 840 -237 903 
T 15987200 ps
-1342 3045 -1214 2748 -1132 2564 -1047 2371 
T 15990400 ps
103 -83 126 -108 66 -97 132 -148 
T 15993600 ps
28 55 5 53 42 48 -21 9 
T 15996800 ps
22 -40 13 -50 -8 -55 72 -80 
T 16 us
686 -575 4 -236 -2 -238 -73 -147 
T 16003200 ps
-66 -6 -15 9 -13 58 -75 21 
T 16006400 ps
-492 -477 -443 -525 -424 -498 -467 -485 
T 16009600 ps
-221 863 -142 859 -187 968 -251 857 
T 16022400 ps
-913 2201 -919 2053 -793 1916 -841 1862 
T 16025600 ps
68 -89 88 -99 130 -103 167 -105 
T 16028800 ps
66 16 -5 87 -7 64 -3 64 
T 16032 ns
35 -34 41 -56 45 -31 0 11 
T 16035200 ps
-89 -205 -31 -151 -23 -198 5 -192 
T 16038400 ps
-23 48 -9 22 -59 28 -20 42 
T 16041600 ps
-468 -508 -513 -493 -473 -514 -485 -486 
T 16044800 ps
-294 841 -310 931 -278 916 -281 914 
T 16054400 ps
-789 1771 -794 1648 -784 1624 -720 1557 
T 16057600 ps
66 -93 74 -70 136 -100 63 -48 
T 16060800 ps
-12 66 -35 51 22 38 47 60 
T 16064 ns
52 -40 44 -49 -8 -15 18 -64 
T 16067200 ps
-131 -205 -80 -220 -94 -202 -104 -205 
T 16070400 ps
-21 -40 -13 -35 -23 13 -48 47 
T 16073600 ps
-492 -584 -543 -535 -500 -536 -475 -496 
T 16076800 ps
-275 867 -327 920 -311 944 -287 955 
T 16086400 ps
-716 1458 -685 1451 -616 1432 -600 1344 
T 16089600 ps
127 -61 91 -77 95 -98 105 -67 
T 16092800 ps
-9 41 -22 62 35 -7 85 59 
T 16096 ns
-19 -50 51 -26 13 -16 55 -31 
T 16099200 ps
-96 -156 -113 -195 -82 -184 -38 -176 
T 16102400 ps
-24 90 -78 -16 -40 -9 -52 30 
T 16105600 ps
-495 -527 -552 -614 -501 -493 -547 -539 
T 16108800 ps
-306 947 -366 909 -242 949 -274 938 
T 16118400 ps
-634 1344 -571 1281 -607 1208 -512 1252 
T 16121600 ps
140 -109 136 -46 130 -102 94 -129 
T 16124800 ps
-8 38 44 42 77 68 105 87 
T 16128 ns
-1 -35 36 -46 51 -26 40 -49 
T 16131200 ps
-116 -198 -57 -223 -155 -168 -72 -170 
T 16134400 ps
-61 4 -55 -3 -87 -5 -65 -4 
T 16137600 ps
-506 -540 -532 -552 -503 -480 -489 -561 
T 16140800 ps
-296 974 -299 977 -348 975 -375 996 
T 16153600 ps
-547 1203 -524 1149 -510 1139 -526 1132 
T 16156800 ps
114 -99 121 -119 115 -98 91 -71 
T 16160 ns
-45 97 -13 42 -4 -3 40 52 
T 16163200 ps
25 17 17 -50 97 -76 43 21 
T 16166400 ps
-99 -249 -112 -205 -164 -215 -116 -218 
T 16169600 ps
-69 0 -98 6 -38 -35 -28 2 
T 16172800 ps
-537 -575 -527 -546 -498 -549 -538 -566 
T 16176 ns
-396 1004 -354 1097 -336 1019 -304 1030 
T 16185600 ps
-511 1081 -483 1059 -442 1008 -556 1061 
T 16188800 ps
72 -120 106 -80 112 -84 151 -137 
T 16192 ns
16 76 44 66 -1 39 49 126 
T 16195200 ps
5 -13 27 6 -4 -19 23 53 
T 16198400 ps
-85 -207 -73 -181 -82 -254 -116 -233 
T 16201600 ps
-63 11 -5 -45 -105 33 -22 18 
T 16204800 ps
-536 -586 -524 -580 -531 -589 -545 -614 
T 16208 ns
-404 1068 -422 1065 -373 1040 -434 1092 
T 16217600 ps
-488 1004 -547 1005 -451 982 -450 982 
T 16220800 ps
82 -63 76 -92 82 -118 98 -90 
T 16224 ns
29 37 23 25 -27 18 -56 74 
T 16227200 ps
26 -30 30 3 -16 -50 -6 30 
T 16230400 ps
-146 -216 -127 -239 -135 -250 -100 -244 
T 16233600 ps
-77 6 -117 -13 -59 -13 -67 -39 
T 16236800 ps
-539 -605 -565 -611 -503 -570 -594 -616 
T 16240 ns
-385 1057 -399 1112 -429 1135 -411 1101 
T 16249600 ps
-454 945 -462 940 -451 923 -462 925 
T 16252800 ps
69 -95 93 -61 131 -93 164 -101 
T 16256 ns
10 71 -1 23 -28 78 32 83 
T 16259200 ps
21 -20 2 -14 22 8 -31 -21 
T 16262400 ps
-100 -237 -92 -220 -93 -265 -130 -235 
T 16265600 ps
12 26 -80 -32 -38 -36 -77 10 
T 16268800 ps
-536 -623 -541 -699 -592 -604 -592 -609 
T 16272 ns
-480 1163 -457 1141 -465 1163 -514 1210 
T 16284800 ps
-469 892 -445 886 -424 872 -424 824 
T 16288 ns
105 -85 142 -3 111 -112 125 -53 
T 16291200 ps
15 18 12 23 24 68 -8 48 
T 16294400 ps
4 -92 54 -60 30 -33 39 5 
T 16297600 ps
-149 -232 -181 -244 -76 -232 -60 -252 
T 16300800 ps
-40 -12 -41 -8 -4 -13 -10 -20 
T 16304 ns
-577 -638 -586 -625 -644 -636 -560 -688 
T 16307200 ps
-531 1243 -485 1205 -539 1220 -504 1278 
T 16316800 ps
-428 856 -432 832 -435 831 -406 889 
T 16320 ns
140 -74 136 -85 83 -113 110 -84 
T 16323200 ps
60 86 10 120 1 -1 47 16 
T 16326400 ps
-6 -11 35 -33 32 -26 23 -59 
T 16329600 ps
-170 -274 -118 -286 -117 -283 -132 -323 
T 16332800 ps
-35 3 -61 40 -44 -20 -31 -1 
T 16336 ns
-638 -660 -568 -594 -625 -667 -589 -730 
T 16339200 ps
-501 1256 -540 1300 -601 1349 -640 1370 
T 16348800 ps
-409 810 -410 842 -405 803 -449 814 
T 16352 ns
48 -64 83 -109 118 -95 159 -23 
T 16355200 ps
-1 48 71 33 27 1 45 2 
T 16358400 ps
52 -68 47 -25 77 -3 3 -61 
T 16361600 ps
-137 -286 -134 -272 -161 -345 -187 -320 
T 16364800 ps
-43 -5 -114 36 -79 30 -56 48 
T 16368 ns
-581 -648 -595 -695 -677 -735 -621 -680 
T 16371200 ps
-587 1395 -630 1380 -670 1366 -696 1426 
T 16380800 ps
-362 853 -413 845 -369 774 -410 793 
T 16384 ns
99 -81 139 -65 67 -85 75 -77 
T 16387200 ps
-13 60 -3 53 55 24 35 22 
T 16390400 ps
-14 -10 67 -1 24 -7 24 -55 
T 16393600 ps
-122 -309 -101 -291 -117 -326 -98 -321 
T 16396800 ps
-58 30 -22 26 -40 -18 -56 44 
T 16400 ns
-671 -688 -655 -723 -673 -744 -599 -710 
T 16403200 ps
-685 1463 -734 1498 -773 1548 -741 1550 
T 16416 ns
-401 802 -395 746 -391 735 -335 749 
T 16419200 ps
122 -85 112 -57 131 -147 78 -86 
T 16422400 ps
7 64 31 50 16 54 13 93 
T 16425600 ps
43 -34 1 -25 -4 -31 15 -24 
T 16428800 ps
-111 -284 -133 -296 -157 -297 -119 -355 
T 16432 ns
-101 48 -7 28 -54 2 -33 19 
T 16435200 ps
-623 -734 -627 -736 -592 -728 -619 -763 
T 16438400 ps
-834 1573 -840 1640 -831 1674 -802 1733 
T 16448 ns
-380 738 -404 727 -398 799 -401 713 
T 16451200 ps
69 -95 174 -48 134 -102 139 -87 
T 16454400 ps
35 45 43 42 56 133 43 37 
T 16457600 ps
-11 -24 20 -34 -11 -28 1 21 
T 16460800 ps
-150 -314 -164 -347 -120 -335 -155 -337 
T 16464 ns
-60 6 -17 9 -31 -49 -78 20 
T 16467200 ps
-617 -761 -631 -766 -614 -769 -699 -781 
T 16470400 ps
-952 1723 -975 1831 -1010 1845 -1052 1868 
T 16480 ns
-359 726 -374 758 -437 694 -437 719 
T 16483200 ps
135 -57 73 -84 146 -46 81 -77 
T 16486400 ps
12 25 23 69 -5 38 41 51 
T 16489600 ps
12 -86 -23 -62 -27 -18 11 -57 
T 16492800 ps
-171 -348 -154 -340 -113 -294 -233 -441 
T 16496 ns
-36 20 -72 -17 -23 19 -32 34 
T 16499200 ps
-654 -803 -631 -775 -877 -718 -719 -829 
T 16502400 ps
-1133 1985 -1124 2073 -1186 2083 -1234 2134 
T 16512 ns
-332 802 -354 718 -376 700 -329 696 
T 16515200 ps
63 -207 140 -66 90 -57 119 -40 
T 16518400 ps
-27 17 25 13 35 53 34 93 
T 16521600 ps
22 -37 18 -116 -23 -83 29 -46 
T 16524800 ps
-240 -420 -172 -382 -122 -428 -177 -446 
T 16528 ns
-18 -18 -45 -25 -27 26 -18 37 
T 16531200 ps
-705 -807 -731 -829 -725 -833 -708 -859 
T 16534400 ps
-1325 2212 -1363 2317 -1422 2364 -1568 2523 
T 16547200 ps
-334 716 -384 741 -397 670 -363 719 
T 16550400 ps
78 -73 85 -61 119 -111 136 -57 
T 16553600 ps
47 67 21 70 30 73 36 16 
T 16556800 ps
38 -22 82 -15 20 -54 3 -76 
T 16560 ns
-198 -454 -196 -441 -161 -472 -205 -445 
T 16563200 ps
-121 -16 -70 -20 -60 -2 -63 -28 
T 16566400 ps
-699 -849 -701 -846 -720 -835 -756 -890 
T 16569600 ps
-1661 2589 -1719 2778 -1857 2937 -2054 3087 
T 16579200 ps
-378 722 -355 699 -363 660 -390 722 
T 16582400 ps
109 -90 113 -41 114 -50 97 -35 
T 16585600 ps
26 88 2 64 22 29 42 84 
T 16588800 ps
12 -70 -6 -40 33 -54 -13 -121 
T 16592 ns
-192 -444 -167 -431 -203 -446 -180 -476 
T 16595200 ps
-56 3 -160 -40 -27 25 -36 4 
T 16598400 ps
-728 -878 -756 -892 -740 -899 -752 -914 
T 16601600 ps
-2163 3227 -2361 3511 -2590 3757 -2706 4006 
T 16611200 ps
-354 684 -404 697 -339 731 -340 616 
T 16614400 ps
114 -74 71 -61 73 -71 119 -74 
T 16617600 ps
-27 69 41 86 43 37 -7 -9 
T 16620800 ps
-32 -25 -35 -11 82 12 25 -50 
T 16624 ns
-198 -494 -230 -515 -235 -553 -224 -486 
T 16627200 ps
-59 -5 -52 -36 -76 12 -74 -11 
T 16630400 ps
-793 -907 -807 -888 -789 -967 -781 -993 
T 16633600 ps
-3125 4414 -3442 4782 -3921 5349 -4360 6053 
T 16643200 ps
-347 719 -397 753 -384 685 -366 697 
T 16646400 ps
108 -53 131 -81 111 -75 134 -80 
T 16649600 ps
2 64 64 62 58 93 -25 30 
T 16652800 ps
67 -87 13 -28 45 -20 49 -60 
T 16656 ns
-279 -539 -259 -567 -274 -565 -226 -557 
T 16659200 ps
-69 -14 0 6 -72 -4 -11 43 
T 16662400 ps
-788 -960 -780 -880 -788 -993 -775 -1034 
T 16665600 ps
-5144 6940 -6158 8141 -7666 10021 -10086 12991 
T 16678400 ps
-377 699 -393 686 -378 680 -354 687 
T 16681600 ps
156 -119 40 -50 81 -72 139 -13 
T 16684800 ps
9 65 -31 56 13 73 19 64 
T 16688 ns
13 -51 16 7 -16 -41 42 -37 
T 16691200 ps
-229 -597 -311 -584 -232 -656 -248 -649 
T 16694400 ps
-53 14 -17 35 -22 -43 -32 -20 
T 16697600 ps
-851 -995 -869 -1022 -923 -1057 -841 -1002 
T 16700800 ps
-14734 18710 -26941 -31834 -20469 -10054 -23151 14128 
T 16710400 ps
-388 714 -369 613 -350 700 -369 650 
T 16713600 ps
124 -75 150 -116 101 -78 95 -23 
T 16716800 ps
-19 79 23 65 11 65 9 8 
T 16720 ns
29 -26 48 -46 -1 18 45 -21 
T 16723200 ps
-342 -682 -291 -721 -284 -760 -359 -776 
T 16726400 ps
-55 -2 -17 9 -16 5 -112 -20 
T 16729600 ps
-907 -1043 -911 -1093 -841 -1089 -873 -1126 
T 16732800 ps
18700 -22287 12045 -14105 8874 -10295 7082 -8070 
T 16742400 ps
-345 693 -366 705 -332 707 -374 694 
T 16745600 ps
62 -119 97 -84 94 -57 51 -61 
T 16748800 ps
-39 -11 58 55 3 70 -5 33 
T 16752 ns
9 -10 12 9 58 -43 48 -104 
T 16755200 ps
-291 -769 -364 -781 -326 -841 -370 -916 
T 16758400 ps
-29 16 -16 -93 -55 -8 -98 -36 
T 16761600 ps
-929 -1105 -924 -1107 -917 -1168 -939 -1163 
T 16764800 ps
5912 -6585 5061 -5546 4433 -4814 3949 -4201 
T 16774400 ps
-320 681 -404 645 -399 631 -369 710 
T 16777600 ps
133 -98 77 -130 92 -94 99 -92 
T 16780800 ps
12 57 35 78 46 16 12 31 
T 16784 ns
15 -57 -7 -25 42 -26 10 -13 
T 16787200 ps
-422 -857 -392 -961 -475 -999 -459 -1010 
T 16790400 ps
-40 13 -64 -13 -63 -31 18 -19 
T 16793600 ps
-922 -1129 -951 -1214 -988 -1212 -992 -1231 
T 16796800 ps
3574 -3756 3248 -3310 2983 -2991 2767 -2770 
T 16809600 ps
-337 692 -406 571 -383 684 -361 641 
T 16812800 ps
82 -75 113 -65 67 -135 92 -62 
T 16816 ns
19 68 34 73 38 81 11 63 
T 16819200 ps
13 -73 -5 -41 31 -18 33 -46 
T 16822400 ps
-467 -1118 -450 -1125 -489 -1188 -547 -1261 
T 16825600 ps
-25 2 -54 2 -20 2 -49 25 
T 16828800 ps
-999 -1234 -986 -1235 -994 -1301 -991 -1339 
T 16832 ns
2544 -2488 2384 -2326 2324 -2143 2162 -2055 
T 16841600 ps
-369 677 -382 675 -395 669 -316 703 
T 16844800 ps
77 -89 108 -64 71 -56 66 -102 
T 16848 ns
-8 42 19 54 19 99 57 90 
T 16851200 ps
37 -16 4 55 -21 -23 -6 -51 
T 16854400 ps
-585 -1373 -650 -1471 -643 -1603 -712 -1691 
T 16857600 ps
-88 8 -69 3 -56 -61 -3 -19 
T 16860800 ps
-1074 -1282 -1075 -1330 -1093 -1377 -1057 -1386 
T 16864 ns
2032 -1873 1915 -1652 1820 -1618 1809 -1554 
T 16873600 ps
-343 681 -366 671 -405 674 -389 699 
T 16876800 ps
125 -66 54 -44 132 -62 86 -24 
T 16880 ns
5 35 12 93 39 100 16 62 
T 16883200 ps
8 -70 33 -30 5 -5 33 -31 
T 16886400 ps
-765 -1841 -852 -2039 -1009 -2258 -1003 -2525 
T 16889600 ps
26 1 -67 -11 -29 3 -153 39 
T 16892800 ps
-1093 -1391 -1190 -1449 -1129 -1444 -1124 -1480 
T 16896 ns
1683 -1431 1662 -1385 1586 -1298 1500 -1246 
T 16905600 ps
-398 661 -365 659 -372 721 -415 713 
T 16908800 ps
73 -101 75 -95 94 -89 95 -51 
T 16912 ns
11 130 0 14 -27 76 27 51 
T 16915200 ps
-22 12 74 -15 23 -72 30 30 
T 16918400 ps
-1184 -2863 -1371 -3337 -1636 -3973 -2003 -4851 
T 16921600 ps
-86 -24 -14 -86 -83 12 -70 12 
T 16924800 ps
-1197 -1484 -1224 -1520 -1165 -1568 -1229 -1581 
T 16928 ns
1417 -1205 1367 -1102 1356 -1021 1315 -965 
T 16940800 ps
-379 713 -310 714 -361 648 -358 673 
T 16944 ns
138 -43 134 -93 110 -66 159 -74 
T 16947200 ps
35 83 16 42 23 28 15 66 
T 16950400 ps
18 -60 65 -30 52 -54 75 -21 
T 16953600 ps
-2565 -6337 -3702 -8998 -6443 -15542 -23266 8735 
T 16956800 ps
-65 44 -83 4 -59 19 -86 -41 
T 16960 ns
-1223 -1571 -1224 -1570 -1299 -1666 -1279 -1670 
T 16963200 ps
1311 -983 1262 -879 1191 -865 1170 -822 
T 16972800 ps
-373 709 -389 723 -321 704 -412 691 
T 16976 ns
58 -94 121 -71 94 -26 68 -97 
T 16979200 ps
-30 80 39 87 50 27 -18 41 
T 16982400 ps
35 -25 49 -67 2 -42 1 -61 
T 16985600 ps
14055 -31249 5321 13141 3359 8174 2408 5863 
T 16988800 ps
-79 7 -68 -8 -31 57 -81 2 
T 16992 ns
-1304 -1680 -1367 -1711 -1316 -1737 -1386 -1767 
T 16995200 ps
1148 -782 1164 -760 1097 -663 1106 -674 
T 17004800 ps
-370 741 -367 646 -349 677 -415 681 
T 17008 ns
90 -81 77 -28 59 -72 74 -103 
T 17011200 ps
48 97 5 90 1 89 53 49 
T 17014400 ps
2 -49 6 -120 -92 -149 84 -51 
T 17017600 ps
1864 4599 1553 3782 1303 3221 1145 2793 
T 17020800 ps
-51 26 -42 49 -74 -27 -39 -10 
T 17024 ns
-1402 -1793 -1423 -1870 -1495 -1887 -1467 -1947 
T 17027200 ps
1073 -606 1053 -615 1077 -574 995 -574 
T 17036800 ps
-378 642 -290 686 -373 681 -361 654 
T 17040 ns
95 -58 96 -40 87 -62 99 -43 
T 17043200 ps
-22 60 -52 48 26 132 1 48 
T 17046400 ps
7 -22 39 18 35 -64 0 -1 
T 17049600 ps
1016 2464 910 2206 753 2037 745 1828 
T 17052800 ps
-72 -15 -53 -37 -68 -9 -26 -62 
T 17056 ns
-1544 -1922 -1540 -2032 -1566 -2110 -1593 -2042 
T 17059200 ps
952 -599 936 -523 896 -487 941 -488 
T 17072 ns
-419 735 -357 710 -402 705 -415 685 
T 17075200 ps
84 -59 138 -78 127 -104 64 -83 
T 17078400 ps
-18 90 -11 110 -28 121 21 47 
T 17081600 ps
18 -45 37 -22 55 5 10 -60 
T 17084800 ps
685 1669 645 1624 624 1499 605 1353 
T 17088 ns
-67 -2 -91 23 -42 11 -55 -12 
T 17091200 ps
-1636 -2150 -1641 -2188 -1666 -2257 -1711 -2321 
T 17094400 ps
839 -432 862 -461 890 -374 847 -403 
T 17104 ns
-405 656 -397 680 -370 675 -396 711 
T 17107200 ps
80 -55 85 -66 75 -91 121 -75 
T 17110400 ps
-13 68 -11 106 -3 42 38 77 
T 17113600 ps
2 -12 15 -32 71 -5 52 -2 
T 17116800 ps
497 1270 481 1254 436 1179 480 1091 
T 17120 ns
-67 38 -46 31 -6 -72 -82 -8 
T 17123200 ps
-1763 -2318 -1809 -2404 -1891 -2468 -1830 -2503 
T 17126400 ps
875 -425 832 -403 814 -366 839 -245 
T 17136 ns
-347 700 -368 699 -423 689 -419 716 
T 17139200 ps
107 -68 89 -35 55 -103 79 -73 
T 17142400 ps
-35 68 9 70 22 100 2 59 
T 17145600 ps
53 -44 24 -26 41 -12 5 -30 
T 17148800 ps
431 1022 366 987 341 955 315 916 
T 17152 ns
-66 -17 -90 -26 -60 0 -94 22 
T 17155200 ps
-1921 -2534 -2019 -2716 -2024 -2708 -2058 -2775 
T 17158400 ps
800 -353 747 -315 798 -291 744 -325 
T 17168 ns
-396 684 -387 714 -388 728 -400 662 
T 17171200 ps
52 -51 110 -113 108 -86 128 -42 
T 17174400 ps
-3 61 -6 -15 -3 67 49 69 
T 17177600 ps
-11 -22 20 -42 5 -21 -19 -19 
T 17180800 ps
364 858 345 856 320 822 320 772 
T 17184 ns
-59 -22 -59 -36 -17 15 -51 25 
T 17187200 ps
-2153 -2919 -2224 -2903 -2301 -2993 -2293 -3147 
T 17190400 ps
772 -351 751 -255 682 -246 672 -210 
T 17203200 ps
-412 682 -429 744 -418 699 -473 683 
T 17206400 ps
97 -31 117 -71 67 -44 115 -69 
T 17209600 ps
21 63 3 78 11 60 -18 72 
T 17212800 ps
125 15 20 -30 39 -21 14 -1 
T 17216 ns
296 708 259 680 270 681 241 671 
T 17219200 ps
-68 -10 -36 -18 -34 -15 -84 -14 
T 17222400 ps
-2393 -3229 -2481 -3338 -2563 -3424 -2630 -3574 
T 17225600 ps
700 -216 721 -247 690 -186 689 -218 
T 17235200 ps
-393 767 -427 682 -432 743 -352 734 
T 17238400 ps
96 -50 67 -49 77 -53 93 -46 
T 17241600 ps
-56 38 96 79 69 68 20 146 
T 17244800 ps
19 -26 28 65 33 25 19 1 
T 17248 ns
237 651 297 672 246 643 254 600 
T 17251200 ps
-53 -1 -58 6 -40 -10 -38 -27 
T 17254400 ps
-2688 -3728 -2794 -3813 -2899 -3990 -3002 -4132 
T 17257600 ps
636 -181 637 -172 632 -124 644 -134 
T 17267200 ps
-384 692 -461 587 -391 727 -369 675 
T 17270400 ps
97 -27 97 -79 92 -61 120 -56 
T 17273600 ps
23 67 91 97 -2 100 10 130 
T 17276800 ps
11 -17 21 -43 -4 -36 -7 -54 
T 17280 ns
214 580 231 563 211 543 219 537 
T 17283200 ps
-10 64 -24 -28 3 -46 -99 11 
T 17286400 ps
-3125 -4291 -3249 -4475 -3370 -4694 -3524 -4914 
T 17289600 ps
644 -174 708 -168 691 -151 656 -155 
T 17299200 ps
-481 744 -453 741 -417 812 -462 816 
T 17302400 ps
84 -24 109 -83 89 -77 97 -41 
T 17305600 ps
-26 77 34 90 18 91 26 104 
T 17308800 ps
25 -20 12 -15 34 -23 22 -95 
T 17312 ns
179 558 197 525 203 534 214 484 
T 17315200 ps
-61 -25 -118 -16 -48 -14 -48 -18 
T 17318400 ps
-3728 -5127 -3966 -5348 -4060 -5733 -4298 -5992 
T 17321600 ps
638 -121 647 -72 587 -80 631 -84 
T 17334400 ps
-480 757 -408 733 -406 729 -439 740 
T 17337600 ps
83 -46 93 -84 110 -69 163 -98 
T 17340800 ps
-28 79 19 12 -2 85 -14 79 
T 17344 ns
26 -1 36 16 6 -32 44 -21 
T 17347200 ps
168 485 194 445 182 481 187 472 
T 17350400 ps
-58 -7 -16 13 -73 32 -92 -59 
T 17353600 ps
-4460 -6313 -4773 -6750 -5110 -7199 -5494 -7747 
T 17356800 ps
603 -68 597 -91 603 -77 611 -40 
T 17366400 ps
-386 741 -396 715 -481 761 -407 747 
T 17369600 ps
29 -36 82 -47 21 -88 85 -93 
T 17372800 ps
-16 91 -29 52 -28 118 -75 105 
T 17376 ns
55 -50 41 -42 142 -42 -48 -12 
T 17379200 ps
196 331 170 487 129 429 111 417 
T 17382400 ps
-90 -11 -27 -34 -26 -31 -30 -36 
T 17385600 ps
-5870 -8303 -6325 -8966 -6928 -9748 -7549 -10709 
T 17388800 ps
600 -61 602 -47 529 -17 591 -37 
T 17398400 ps
-409 810 -434 779 -460 797 -360 781 
T 17401600 ps
47 6 73 -57 41 -93 69 -102 
T 17404800 ps
-178 167 217 36 83 80 0 31 
T 17408 ns
-37 -35 17 -55 2 -43 -43 8 
T 17411200 ps
159 412 144 419 126 345 148 429 
T 17414400 ps
-34 -13 18 -36 -114 -4 -56 -11 
T 17417600 ps
-8412 -11909 -9403 -13338 -10681 -15206 -12356 -17593 
T 17420800 ps
590 -40 598 -46 569 18 596 -25 
T 17430400 ps
-424 849 -574 222 -459 745 -409 755 
T 17433600 ps
95 -56 112 -85 69 -18 69 -36 
T 17436800 ps
53 82 56 30 78 150 26 34 
T 17440 ns
0 -26 -33 -27 49 -20 -71 25 
T 17443200 ps
120 355 130 434 119 409 117 379 
T 17446400 ps
-76 -37 -43 -14 -62 11 -72 -1 
T 17449600 ps
-14669 -20966 -18104 -25854 -23546 31804 31730 17176 
T 17452800 ps
531 13 542 4 526 37 584 66 
T 17465600 ps
-434 803 -14390 30866 -488 725 -453 764 
T 17468800 ps
79 -19 27225 24955 96 -73 9 25 
T 17472 ns
46 7 -30482 20880 66 111 -25 100 
T 17475200 ps
20 -11 15734 12648 5 0 -7 -53 
T 17478400 ps
120 365 3738 -3434 134 291 107 408 
T 17481600 ps
-90 10 -15262 1284 -113 -2 -88 2 
T 17484800 ps
5960 -19919 32190 -22536 -19104 30169 -19725 628 
T 17488 ns
537 42 -10347 30079 562 -39 548 44 
T 17497600 ps
-451 767 -441 805 -474 819 -464 765 
T 17500800 ps
146 -118 68 -74 51 -57 60 -51 
T 17504 ns
-3 107 20 120 28 113 6 85 
T 17507200 ps
21 -11 -18 6 21 -38 -38 -15 
T 17510400 ps
115 329 101 321 120 357 132 285 
T 17513600 ps
-103 -55 -129 -17 -22 28 -47 6 
T 17516800 ps
28775 -23911 21016 30334 16522 23935 13610 19797 
T 17520 ns
498 138 445 103 488 89 595 110 
T 17529600 ps
-455 765 -442 761 -456 751 -516 826 
T 17532800 ps
90 -93 123 -93 127 -78 77 -90 
T 17536 ns
19 103 6 83 -16 -95 -1 119 
T 17539200 ps
39 53 7 -109 -15 -39 82 -30 
T 17542400 ps
141 297 114 297 132 251 128 308 
T 17545600 ps
-79 -28 -26 -44 -46 5 -94 -1 
T 17548800 ps
11567 16815 10038 14679 8900 13029 7909 11711 
T 17552 ns
548 62 530 64 588 54 533 11 
T 17561600 ps
-500 774 -496 829 -476 841 -492 834 
T 17564800 ps
97 -43 119 -54 109 -82 110 11 
T 17568 ns
0 78 19 92 38 129 53 87 
T 17571200 ps
-1 -57 53 42 47 -7 44 -29 
T 17574400 ps
106 344 114 309 140 265 60 288 
T 17577600 ps
-56 20 -64 -55 -44 9 9 -58 
T 17580800 ps
7222 10560 6571 9670 6098 8965 5627 8251 
T 17584 ns
578 58 506 109 494 134 531 102 
T 17596800 ps
-498 820 -467 896 -498 856 -529 812 
T 17600 ns
93 -62 33 -6 135 -56 56 -40 
T 17603200 ps
-42 100 -2 115 44 108 4 125 
T 17606400 ps
49 -40 12 10 41 43 29 -58 
T 17609600 ps
138 324 67 284 154 292 65 280 
T 17612800 ps
-52 11 -74 -27 -20 -5 -75 -19 
T 17616 ns
5238 7700 4910 7285 4632 6828 4304 6383 
T 17619200 ps
544 113 503 73 542 100 472 83 
T 17628800 ps
-536 807 -513 861 -554 885 -555 845 
T 17632 ns
112 -68 91 -81 107 -48 43 -3 
T 17635200 ps
-11 192 18 60 11 106 12 54 
T 17638400 ps
40 -59 -16 -15 -3 -48 8 -2 
T 17641600 ps
74 315 131 295 78 263 69 287 
T 17644800 ps
-71 -15 -46 -12 -78 -35 -72 -64 
T 17648 ns
4121 6126 3880 5824 3689 5510 3530 5278 
T 17651200 ps
461 84 469 154 524 125 515 139 
T 17660800 ps
-527 844 -505 853 -449 872 -492 814 
T 17664 ns
75 -35 117 -56 120 -84 66 2 
T 17667200 ps
-23 78 2 30 22 83 27 91 
T 17670400 ps
31 9 -87 -30 57 -37 36 -19 
T 17673600 ps
79 274 71 271 97 240 120 220 
T 17676800 ps
-60 -20 -54 -43 -21 -17 -51 3 
T 17680 ns
3379 5028 3224 4822 3134 4633 2913 4487 
T 17683200 ps
476 116 494 87 486 148 467 88 
T 17692800 ps
-566 878 -576 867 -451 908 -502 887 
T 17696 ns
33 -70 82 -85 113 -18 124 -33 
T 17699200 ps
-42 94 38 107 -23 70 -28 93 
T 17702400 ps
40 26 31 15 -28 -27 71 2 
T 17705600 ps
122 234 84 251 71 258 72 257 
T 17708800 ps
-64 -21 -31 26 -48 -43 -45 -30 
T 17712 ns
2874 4298 2750 4107 2711 4040 2518 3887 
T 17715200 ps
481 103 460 182 469 154 476 167 
T 17728 ns
-551 876 -516 892 -586 937 -558 934 
T 17731200 ps
159 -34 32 -37 69 -24 75 -7 
T 17734400 ps
-31 110 4 126 2 99 -11 143 
T 17737600 ps
4 -26 -10 -44 19 -48 71 -47 
T 17740800 ps
99 194 58 266 36 239 -8 238 
T 17744 ns
-36 -1 -51 14 -96 -21 -48 -8 
T 17747200 ps
2503 3764 2430 3668 2332 3489 2233 3413 
T 17750400 ps
395 163 483 145 486 247 516 132 
T 17760 ns
-536 907 -551 920 -585 905 -495 868 
T 17763200 ps
69 -48 44 0 75 -62 53 -51 
T 17766400 ps
38 101 6 163 20 116 -21 144 
T 17769600 ps
17 -56 0 -25 -8 -57 1 -33 
T 17772800 ps
140 255 69 242 97 233 31 182 
T 17776 ns
-38 -43 -77 -33 -14 -19 -102 -40 
T 17779200 ps
2142 3317 2160 3211 2124 3154 1993 3062 
T 17782400 ps
446 165 395 120 465 168 482 202 
T 17792 ns
-594 921 -603 912 -555 903 -574 983 
T 17795200 ps
69 44 85 -93 56 -52 63 -35 
T 17798400 ps
4 67 -18 135 -15 73 2 79 
T 17801600 ps
-13 -55 29 -43 48 -9 11 -58 
T 17804800 ps
46 193 33 246 61 251 54 239 
T 17808 ns
-80 44 -74 28 -57 -29 -52 8 
T 17811200 ps
1972 2983 1996 2927 1789 2841 1822 2767 
T 17814400 ps
498 194 542 142 439 268 488 159 
T 17824 ns
-612 989 -627 929 -572 937 -607 1008 
T 17827200 ps
99 -27 69 -52 91 -27 56 -43 
T 17830400 ps
-21 108 -54 156 -6 65 -63 80 
T 17833600 ps
45 -22 18 -8 10 -15 40 -17 
T 17836800 ps
94 193 103 193 56 257 23 162 
T 17840 ns
-46 -12 -80 -17 -58 -18 -103 10 
T 17843200 ps
1791 2722 1682 2674 1650 2613 1663 2526 
T 17846400 ps
456 191 471 243 483 282 445 248 
T 17859200 ps
-563 954 -557 948 -612 948 -637 962 
T 17862400 ps
91 -21 113 -34 104 -73 103 -56 
T 17865600 ps
-26 61 24 99 23 57 28 75 
T 17868800 ps
6 6 38 -40 -7 -19 33 -21 
T 17872 ns
71 218 47 190 84 238 27 196 
T 17875200 ps
-78 -34 -56 -33 -87 -52 -82 17 
T 17878400 ps
1614 2539 1578 2439 1557 2449 1494 2383 
T 17881600 ps
435 243 459 197 480 266 464 178 
T 17891200 ps
-655 1013 -584 997 -643 1031 -634 966 
T 17894400 ps
94 -60 70 -92 80 -28 18 16 
T 17897600 ps
16 108 6 125 25 107 -28 72 
T 17900800 ps
30 -33 -53 -63 7 -55 -9 -14 
T 17904 ns
75 217 22 287 55 213 68 216 
T 17907200 ps
-3 -3 -15 -35 -73 -57 -25 -67 
T 17910400 ps
1432 2286 1408 2283 1359 2221 1410 2154 
T 17913600 ps
433 246 408 352 428 270 574 263 
T 17923200 ps
-609 1011 -650 1061 -654 1052 -666 1034 
T 17926400 ps
104 54 42 -127 54 -125 75 -94 
T 17929600 ps
14 114 -12 141 44 72 7 139 
T 17932800 ps
79 -3 27 -41 26 -52 -6 -33 
T 17936 ns
29 203 100 151 52 198 68 170 
T 17939200 ps
-55 -71 -85 14 -99 0 -70 -55 
T 17942400 ps
1390 2160 1342 2119 1306 2086 1343 1989 
T 17945600 ps
494 250 554 256 453 279 399 232 
T 17955200 ps
-685 988 -644 1054 -731 1023 -795 927 
T 17958400 ps
72 -42 91 -50 40 -88 99 -57 
T 17961600 ps
14 157 -21 137 -5 143 79 127 
T 17964800 ps
25 -31 -3 -49 19 -78 56 -22 
T 17968 ns
69 168 64 212 71 201 99 201 
T 17971200 ps
-85 -23 -6 -63 -65 -9 -80 -12 
T 17974400 ps
1238 2019 1245 2017 1225 1953 1185 1937 
T 17977600 ps
454 186 448 348 404 293 491 297 
T 17990400 ps
-618 1115 -631 1146 -681 1100 -714 1093 
T 17993600 ps
52 -93 61 -33 110 -56 71 -31 
T 17996800 ps
1 124 -44 143 13 116 20 149 
T 18 us
60 -64 6 -91 76 73 13 8 
T 18003200 ps
94 161 13 196 31 200 18 205 
T 18006400 ps
-97 -16 -116 -58 -39 -31 -44 8 
T 18009600 ps
1111 1868 1166 1899 1149 1832 1136 1865 
T 18012800 ps
427 351 503 244 491 324 490 269 
T 18022400 ps
-705 1140 -719 1165 -643 1126 -726 1139 
T 18025600 ps
83 -20 97 -81 92 2 101 -16 
T 18028800 ps
-52 103 -10 126 5 120 2 91 
T 18032 ns
10 38 52 -51 23 -37 -18 -3 
T 18035200 ps
69 180 15 169 89 202 34 203 
T 18038400 ps
-34 13 -88 -12 -103 13 -122 -31 
T 18041600 ps
1096 1805 1062 1808 1049 1752 1006 1727 
T 18044800 ps
427 331 453 442 438 444 545 328 
T 18054400 ps
-717 1089 -698 1175 -730 1160 -675 1187 
T 18057600 ps
83 -47 38 -75 68 -54 67 -38 
T 18060800 ps
-9 57 6 95 -16 158 -72 172 
T 18064 ns
7 22 -12 -36 26 -5 20 -44 
T 18067200 ps
101 167 38 115 52 158 21 125 
T 18070400 ps
-82 -44 -15 -60 -65 -31 -36 -25 
T 18073600 ps
1037 1679 1010 1695 990 1656 982 1596 
T 18076800 ps
474 355 495 273 473 348 555 265 
T 18086400 ps
-715 1180 -739 1228 -754 1196 -734 1213 
T 18089600 ps
67 -78 107 -39 77 -21 72 -48 
T 18092800 ps
-4 127 20 125 9 189 0 121 
T 18096 ns
-44 -20 -2 -23 18 19 28 -22 
T 18099200 ps
61 226 49 146 76 132 88 147 
T 18102400 ps
-96 -31 -118 -72 -30 -50 7 57 
T 18105600 ps
946 1607 994 1601 949 1635 930 1523 
T 18108800 ps
455 267 447 512 413 522 583 447 
T 18121600 ps
-769 1241 -796 1268 -764 1205 -781 1277 
T 18124800 ps
43 -2 71 -71 65 -56 67 -34 
T 18128 ns
5 119 -54 146 -31 170 -46 110 
T 18131200 ps
-16 13 -40 -87 -9 -18 -3 10 
T 18134400 ps
47 157 58 122 48 179 51 151 
T 18137600 ps
-50 -61 -22 -68 -36 -15 -54 -7 
T 18140800 ps
925 1547 880 1472 887 1438 872 1490 
T 18144 ns
445 520 621 376 598 479 556 385 
T 18153600 ps
-807 1289 -830 1230 -825 1300 -824 1279 
T 18156800 ps
81 -65 62 -54 31 -68 -90 -82 
T 18160 ns
-47 163 -25 127 -78 129 -86 143 
T 18163200 ps
59 -45 2 -45 63 -59 19 -57 
T 18166400 ps
9 133 22 116 9 232 50 177 
T 18169600 ps
-18 0 -33 -35 -22 -67 -65 -19 
T 18172800 ps
881 1455 873 1463 818 1411 856 1465 
T 18176 ns
440 388 495 836 466 808 794 772 
T 18185600 ps
-762 1313 -882 1326 -851 1246 -828 1326 
T 18188800 ps
227 35 131 -26 107 -9 66 -34 
T 18192 ns
-23 176 -29 115 -44 165 -32 164 
T 18195200 ps
21 -58 -18 -30 34 -17 -1 -8 
T 18198400 ps
38 167 56 158 67 146 44 130 
T 18201600 ps
-78 -42 -32 -93 -86 -22 -27 -34 
T 18204800 ps
859 1404 859 1285 788 1407 824 1340 
T 18208 ns
588 579 841 327 783 882 568 179 
