T 22073600 ps
-53 -215 -36 -164 -72 -218 -35 -161 
T 22076800 ps
-22 -199 -53 -191 -57 -232 -55 -194 
T 22080 ns
-66 -185 -70 -177 -49 -204 -56 -198 
T 22083200 ps
-52 -213 -24 -156 -22 -196 -55 -159 
T 22086400 ps
-61 -180 -40 -204 -22 -204 -3 -209 
T 22089600 ps
-61 -188 -72 -147 -33 -199 -75 -164 
T 22092800 ps
-41 -204 -40 -168 -44 -186 -38 -196 
T 22096 ns
-47 -187 -56 -190 -77 -184 -21 -153 
T 22099200 ps
-58 -187 -31 -151 -38 -181 -57 -192 
T 22102400 ps
-37 -130 -59 -222 -14 -166 -51 -173 
T 22105600 ps
-26 -149 -32 -189 -44 -199 -27 -180 
T 22108800 ps
3 -203 -33 -191 -75 -197 -54 -195 
T 22112 ns
-43 -191 -52 -151 -51 -174 -70 -143 
T 22115200 ps
-59 -186 -49 -173 -27 -195 -82 -132 
T 22118400 ps
-27 -149 -22 -179 -43 -168 -61 -148 
T 22121600 ps
-54 -181 -40 -171 -45 -193 -32 -148 
T 22124800 ps
-82 -177 -53 -183 -48 -170 -47 -204 
T 22128 ns
-53 -186 -61 -212 -50 -151 -8 -158 
T 22131200 ps
-50 -160 -30 -174 -47 -145 -66 -169 
T 22134400 ps
-25 -182 -30 -155 -57 -190 -54 -145 
T 22137600 ps
-48 -197 -48 -157 -62 -185 -5 -135 
T 22140800 ps
-39 -167 -58 -166 -18 -183 -6 -151 
T 22144 ns
-3 -152 -45 -156 -35 -166 -23 -140 
T 22147200 ps
-19 -171 -52 -155 -96 -157 -72 -168 
T 22150400 ps
-49 -128 6 -155 -43 -147 -17 -154 
T 22153600 ps
-47 -191 -38 -176 -61 -152 -34 -153 
T 22156800 ps
-50 -152 -17 -170 -50 -170 -58 -158 
T 22160 ns
-44 -172 -26 -183 -17 -160 -66 -162 
T 22163200 ps
-35 -140 -59 -154 -36 -192 -25 -188 
T 22166400 ps
-59 -157 -57 -150 -37 -188 -42 -177 
T 22169600 ps
-47 -169 -24 -135 -83 -149 -38 -135 
T 22172800 ps
-53 -155 -35 -159 -11 -124 -18 -173 
T 22176 ns
-1 -140 -10 -131 -15 -153 -44 -166 
T 22179200 ps
-52 -140 -16 -174 -33 -144 -46 -149 
T 22182400 ps
6 -123 -31 -142 -19 -136 -6 -169 
T 22185600 ps
-48 -153 13 -99 -59 -94 14 -156 
T 22188800 ps
-18 -199 -22 -159 -14 -125 -32 -155 
T 22192 ns
-49 -129 -36 -157 -32 -145 -17 -148 
T 22195200 ps
-41 -168 21 -142 -45 -133 -54 -120 
T 22198400 ps
-31 -143 -37 -156 -61 -152 -32 -162 
T 22201600 ps
-42 -155 -30 -155 -38 -141 -12 -157 
T 22204800 ps
-38 -174 -9 -139 -65 -158 -43 -143 
T 22208 ns
-29 -150 -4 -163 -24 -145 -40 -132 
T 22211200 ps
-42 -115 -10 -144 -45 -163 -68 -138 
T 22214400 ps
-12 -130 18 -140 -27 -141 -25 -146 
T 22217600 ps
2 -136 -34 -137 -30 -170 -41 -152 
T 22220800 ps
-14 -144 4 -143 -35 -163 -34 -155 
T 22224 ns
-9 -132 -15 -161 5 -134 -78 -153 
T 22227200 ps
8 -181 5 -122 -12 -179 -60 -115 
T 22230400 ps
-7 -141 0 -159 -23 -140 -19 -140 
T 22233600 ps
-35 -187 -15 -117 -18 -153 -81 -112 
T 22236800 ps
-27 -135 -32 -103 -25 -144 10 -147 
T 22240 ns
-63 -140 -27 -152 -39 -152 -5 -126 
T 22243200 ps
-34 -97 -42 -83 -10 -143 -24 -130 
T 22246400 ps
-2 -130 8 -127 -17 -141 -4 -121 
T 22249600 ps
-2 -141 -41 -136 -16 -149 -41 -92 
T 22252800 ps
-36 -151 -78 -131 14 -94 -18 -91 
T 22256 ns
-22 -121 7 -167 -18 -106 -14 -101 
T 22259200 ps
-33 -137 -21 -147 9 -116 6 -134 
T 22262400 ps
-70 -121 -25 -150 -30 -142 -11 -113 
T 22265600 ps
-1 -162 14 -106 -25 -89 1 -113 
T 22268800 ps
-16 -137 -17 -123 1 -145 -31 -99 
T 22272 ns
-40 -136 -18 -111 -18 -87 -19 -157 
T 22275200 ps
-24 -95 -10 -132 -6 -90 -33 -82 
T 22278400 ps
-13 -135 -15 -140 8 -115 -54 -101 
T 22281600 ps
-24 -77 -22 -133 -52 -152 -36 -130 
T 22284800 ps
-43 -134 -18 -88 -30 -141 -33 -95 
T 22288 ns
-48 -134 -2 -111 -8 -150 -46 -127 
T 22291200 ps
-25 -77 -8 -99 -15 -118 -51 -167 
T 22294400 ps
-48 -124 51 -33 3 -71 11 -134 
T 22297600 ps
-43 -91 -42 -108 43 -94 -8 -130 
T 22300800 ps
-7 -128 144 -210 -20 -111 6 -110 
T 22304 ns
-20 -77 21 -118 -20 -133 11 -117 
T 22307200 ps
-34 -143 -28 -122 -7 -137 -5 -133 
T 22310400 ps
-14 -106 11 -113 -17 -141 36 -93 
T 22313600 ps
30 -91 -11 -109 -29 -100 -2 -68 
T 22316800 ps
-6 -102 1 -187 -22 -116 -44 -70 
T 22320 ns
-54 -112 -44 -127 -33 -90 -1 -114 
T 22323200 ps
-9 -85 -26 -64 -17 -104 -1 -116 
T 22326400 ps
-19 -85 -11 -94 -29 -115 11 -67 
T 22329600 ps
-16 -121 -14 -88 -18 -117 -13 -87 
T 22332800 ps
-1 -103 -34 -131 -24 -95 -39 -85 
T 22336 ns
0 -99 -29 -105 -39 -102 -9 -97 
T 22339200 ps
10 -120 21 -75 -12 -96 -25 -105 
T 22342400 ps
-31 -123 -18 -89 -19 -115 -6 -79 
T 22345600 ps
19 -97 -7 -121 -26 -113 0 -94 
T 22348800 ps
-42 -42 45 -210 21 -111 -14 -97 
T 22352 ns
-19 -118 -12 -109 -33 -93 -48 -84 
T 22355200 ps
10 -116 1 -134 -14 -113 46 -63 
T 22358400 ps
13 -92 -20 -80 28 -96 -14 -98 
T 22361600 ps
-9 -95 63 -122 -11 -109 -4 -52 
T 22364800 ps
-15 -82 19 -116 37 -116 -22 -77 
T 22368 ns
22 -116 53 -65 -43 -94 -37 -78 
T 22371200 ps
-18 -109 14 -74 2 -79 -24 -63 
T 22374400 ps
-30 -89 22 -93 2 -82 -25 -125 
T 22377600 ps
-20 -69 -6 -70 -20 -101 -38 -52 
T 22380800 ps
0 -70 -10 -93 -48 -128 -18 -83 
T 22384 ns
10 -69 -1 -42 4 -76 0 -52 
T 22387200 ps
-11 -39 17 -109 -8 -93 -12 -53 
T 22390400 ps
-7 -69 -25 -78 -30 -57 -22 -65 
T 22393600 ps
14 -69 -1 -55 9 -85 -21 -91 
T 22396800 ps
-21 -96 24 -78 -14 -72 33 -55 
T 22400 ns
5 -35 -8 -58 12 -35 56 -42 
T 22403200 ps
-5 -75 15 -33 2 -50 -38 -51 
T 22406400 ps
-37 -56 6 -41 -4 -37 8 -63 
T 22409600 ps
5 -63 -64 -64 -31 -72 43 -22 
T 22412800 ps
-3 -2 38 -68 14 -65 -24 -66 
T 22416 ns
14 -37 29 -44 -41 -52 12 -24 
T 22419200 ps
-22 -56 31 -60 8 -66 -2 -25 
T 22422400 ps
-11 -43 -69 -53 -30 -57 11 -28 
T 22425600 ps
-3 -44 -26 -49 -32 -45 16 -49 
T 22428800 ps
0 -67 -19 -57 -22 -7 -39 -31 
T 22432 ns
-9 -53 24 -5 -6 -46 -1 -33 
T 22435200 ps
12 -9 1 -30 -15 -1 -8 -35 
T 22438400 ps
-25 -69 2 -39 -1 -30 -1 -33 
T 22441600 ps
-22 -13 -78 -86 -106 -17 60 -81 
T 22444800 ps
43 -92 2 -30 -9229 -781 -29656 13895 
T 22448 ns
26 -36 17 29 46 -12 -63 -72 
T 22451200 ps
20 -32 -13 -27 15 -17 29 -19 
T 22454400 ps
-17 -34 -17 -38 11 -30 8 -64 
T 22457600 ps
-2 -1 16 -18 -29 25 17 -20 
T 22460800 ps
-23 -9 -3 -45 0 -28 -11 10 
T 22464 ns
40 -33 28 -3 22 22 -31 -9 
T 22467200 ps
19 24 -25 21 -19 -26 -5 15 
T 22470400 ps
-19 -5 20 -7 -27 29 17 24 
T 22473600 ps
11 18 -3 32 -28 6 17 10 
T 22476800 ps
-39 7 32 29 -24 17 -19 49 
T 22480 ns
11 0 -25 5 -22 58 -6 27 
T 22483200 ps
16 21 -1 38 29 60 8 44 
T 22486400 ps
-29 64 28 16 4 40 -15 11 
T 22489600 ps
-28 62 16 21 -17 29 28 62 
T 22492800 ps
-25 96 58 42 11 65 -9 81 
T 22496 ns
-20 94 15 42 -8 87 10 92 
T 22499200 ps
-25 86 -14 88 -21 102 6 89 
T 22502400 ps
-22 129 47 133 -14 143 -31 90 
T 22505600 ps
-21 97 16 139 -8 130 -15 136 
T 22508800 ps
-12 175 53 146 -22 154 24 170 
T 22512 ns
-12 178 28 193 -28 217 0 230 
T 22515200 ps
-1 264 24 256 18 224 33 205 
T 22518400 ps
-25 270 1780 -5794 -9244 931 -61 288 
T 22521600 ps
-25 283 -13 330 -27 355 -18 318 
T 22524800 ps
50 368 -9 378 -33 420 -7 476 
T 22528 ns
-23 500 75 508 -19 562 -9 591 
T 22531200 ps
-18 636 13 667 -7 724 29 787 
T 22534400 ps
-35 902 85 940 -58 1064 33 1146 
T 22537600 ps
-13 1323 -29 1487 -51 1787 -82 2087 
T 22540800 ps
-59 2653 168 3385 -115 4823 -137 7989 
T 22544 ns
-652 24311 752 -25098 226 -8483 244 -5037 
T 22547200 ps
118 -3694 -114 -2867 64 -2387 14 -1982 
T 22550400 ps
63 -1762 42 -1544 46 -1463 26 -1297 
T 22553600 ps
34 -1244 -62 -1102 38 -1040 2 -975 
T 22556800 ps
70 -950 9 -891 36 -869 67 -808 
T 22560 ns
2 -739 1 -702 7 -747 5 -662 
T 22563200 ps
27 -662 -21 -614 24 -619 55 -556 
T 22566400 ps
23 -557 -10 -523 31 -537 11 -537 
T 22569600 ps
-14 -565 15 -479 -34 -521 25 -483 
T 22572800 ps
14 -475 8 -496 42 -465 -21 -415 
T 22576 ns
-36 -420 54 -454 19 -427 20 -374 
T 22579200 ps
-18 -432 -18 -387 12 -395 -7 -374 
T 22582400 ps
-14 -388 15 -405 0 -390 34 -352 
T 22585600 ps
38 -323 -4 -362 7 -408 -22 -349 
T 22588800 ps
-17 -359 -5 -398 -24 -375 -45 -335 
T 22592 ns
-310 -528 151 -290 74 -265 7 -305 
T 22595200 ps
54 -300 65 -329 48 -321 75 -269 
T 22598400 ps
109 -289 -71 -287 -20 -314 16 -285 
T 22601600 ps
20 -274 65 -277 -1 -287 27 -301 
T 22604800 ps
57 -298 45 -345 22 -283 19 -282 
T 22608 ns
43 -281 11 -234 16 -301 15 -286 
T 22611200 ps
51 -254 35 -272 48 -252 31 -248 
T 22614400 ps
39 -219 17 -269 40 -277 31 -281 
T 22617600 ps
39 -289 18 -263 -28 -257 7 -273 
T 22620800 ps
13 -221 34 -212 21 -249 16 -244 
T 22624 ns
23 -215 -29 -201 -14 -199 -28 -220 
T 22627200 ps
47 -225 40 -260 15 -256 30 -212 
T 22630400 ps
38 -255 36 -251 -6 -257 9 -218 
T 22633600 ps
-3 -244 -1 -231 10 -240 25 -196 
T 22636800 ps
39 -231 -22 -246 46 -231 -3 -205 
T 22640 ns
107 -251 10 -197 -1 -267 26 -197 
T 22643200 ps
-26 -223 7 -191 9 -215 4 -222 
T 22646400 ps
45 -236 10 -255 -18 -224 47 -222 
T 22649600 ps
-2 -227 -1 -224 1 -199 36 -222 
T 22652800 ps
0 -193 -11 -219 -1 -224 6 -218 
T 22656 ns
12 -241 -32 -214 44 -185 19 -171 
T 22659200 ps
40 -212 61 -242 33 -234 20 -168 
T 22662400 ps
13 -222 43 -197 -2 -215 6 -196 
T 22665600 ps
17 -184 -9 -196 22 -209 -13 -183 
T 22668800 ps
18 -220 33 -192 31 -196 10 -181 
T 22672 ns
-3 -176 -23 -171 41 -194 65 -186 
T 22675200 ps
19 -210 28 -187 48 -209 43 -186 
T 22678400 ps
26 -230 25 -181 16 -156 34 -174 
T 22681600 ps
-8 -165 27 -157 19 -211 -7 -171 
T 22684800 ps
22 -185 4 -169 37 -196 31 -207 
T 22688 ns
16 -160 9 -205 14 -180 39 -196 
T 22691200 ps
20 -185 3 -177 19 -173 -6 -171 
T 22694400 ps
-20 -187 16 -166 6 -155 50 -214 
T 22697600 ps
32 -173 6 -203 -1 -184 18 -165 
T 22700800 ps
6 -198 18 -203 42 -149 -7 -141 
T 22704 ns
30 -144 14 -189 39 -179 1 -171 
T 22707200 ps
23 -133 24 -204 -19 -165 9 -161 
T 22710400 ps
63 -170 20 -179 -8 -185 34 -184 
T 22713600 ps
19 -177 12 -163 21 -189 32 -156 
T 22716800 ps
-5 -160 3 -162 22 -179 43 -197 
T 22720 ns
14 -170 29 -137 31 -192 32 -167 
T 22723200 ps
22 -155 43 -158 40 -158 20 -143 
T 22726400 ps
25 -141 -10 -172 49 -177 23 -161 
T 22729600 ps
17 -161 23 -157 46 -161 5 -186 
T 22732800 ps
13 -139 -4 -157 11 -175 -12 -178 
T 22736 ns
12 -181 15 -140 -3 -140 33 -150 
T 22739200 ps
23 -192 3 -176 -29 -152 0 -167 
T 22742400 ps
45 -160 -22 -137 25 -165 28 -132 
T 22745600 ps
53 -163 32 -155 94 -198 25 -146 
T 22748800 ps
8 -142 -4 -165 52 -153 6 -185 
T 22752 ns
17 -193 13 -155 46 -143 -15 -184 
T 22755200 ps
-5 -128 24 -212 -8 -174 30 -162 
T 22758400 ps
23 -169 4 -119 7 -148 14 -160 
T 22761600 ps
8 -161 23 -151 15 -194 12 -146 
T 22764800 ps
40 -131 20 -171 23 -163 29 -161 
T 22768 ns
14 -148 17 -185 -18 -149 48 -162 
T 22771200 ps
60 -182 13 -169 21 -179 41 -154 
T 22774400 ps
23 -140 18 -138 34 -166 18 -151 
T 22777600 ps
25 -174 30 -162 44 -146 29 -129 
T 22780800 ps
32 -170 48 -179 40 -136 -19 -151 
T 22784 ns
34 -163 33 -167 22 -170 -12 -143 
T 22787200 ps
-9 -174 13 -166 26 -181 4 -147 
T 22790400 ps
19 -169 23 -171 12 -136 14 -114 
T 22793600 ps
-26 -130 40 -156 11 -169 42 -170 
T 22796800 ps
28 -183 71 -145 -23 -156 21 -161 
T 22800 ns
15 -150 -14 -166 43 -145 31 -178 
T 22803200 ps
43 -157 37 -152 58 -148 45 -151 
T 22806400 ps
-1 -136 46 -133 56 -140 -18 -126 
T 22809600 ps
11 -156 30 -132 7 -132 5 -169 
T 22812800 ps
-16 -168 4 -133 11 -167 42 -110 
T 22816 ns
34 -143 -16 -176 21 -150 -23 -138 
T 22819200 ps
45 -154 35 -174 23 -179 44 -153 
T 22822400 ps
3 -154 -2 -131 19 -147 26 -135 
T 22825600 ps
28 -173 23 -138 26 -164 13 -128 
T 22828800 ps
34 -118 46 -119 32 -165 41 -138 
T 22832 ns
28 -136 38 -112 18 -113 51 -125 
T 22835200 ps
-26 -112 7 -148 3 -160 -20 -132 
T 22838400 ps
54 -116 20 -158 13 -131 24 -160 
T 22841600 ps
-4 -125 47 -149 19 -193 8 -145 
T 22844800 ps
32 -154 55 -146 51 -126 6 -152 
T 22848 ns
0 -157 4 -130 29 -137 3 -159 
T 22851200 ps
2 -131 3 -138 12 -152 22 -117 
T 22854400 ps
27 -152 -11 -108 8 -129 41 -116 
T 22857600 ps
35 -134 40 -139 30 -166 5 -131 
T 22860800 ps
4 -140 20 -136 13 -159 19 -114 
T 22864 ns
38 -126 21 -140 35 -135 65 -170 
T 22867200 ps
1 -176 -2 -151 24 -131 46 -113 
T 22870400 ps
4 -161 65 -139 15 -133 7 -121 
T 22873600 ps
15 -149 19 -145 59 -143 27 -109 
T 22876800 ps
10 -141 42 -80 54 -164 9 -185 
T 22880 ns
11 -181 52 -142 19 -152 33 -164 
T 22883200 ps
44 -119 47 -120 22 -145 28 -155 
T 22886400 ps
45 -135 -8 -110 13 -125 3 -101 
T 22889600 ps
TLAST
15 -101 14 -157 11 -137 -10 -114 
