T 22070400 ps
274 230 -325 -117 -37 83 -293 197 
T 22073600 ps
137 182 -109 279 -35 240 50 317 
T 22076800 ps
238 207 154 99 151 134 98 218 
T 22080 ns
118 241 70 272 161 263 176 334 
T 22083200 ps
261 270 224 188 200 238 159 225 
T 22086400 ps
254 213 169 294 161 241 185 364 
T 22089600 ps
183 280 240 252 218 268 234 294 
T 22092800 ps
204 272 234 326 215 344 275 389 
T 22096 ns
280 313 258 228 241 330 261 326 
T 22099200 ps
242 303 257 350 274 372 291 391 
T 22102400 ps
275 326 354 293 252 355 202 371 
T 22105600 ps
269 419 234 420 259 429 285 436 
T 22108800 ps
300 438 390 377 249 428 290 433 
T 22112 ns
301 434 268 458 283 479 271 481 
T 22115200 ps
301 463 402 443 307 470 246 533 
T 22118400 ps
286 469 319 522 310 558 343 611 
T 22121600 ps
368 565 480 572 348 574 354 617 
T 22124800 ps
362 601 330 649 330 703 381 729 
T 22128 ns
362 738 598 658 410 784 416 815 
T 22131200 ps
407 818 486 921 452 995 494 1061 
T 22134400 ps
483 1088 815 1014 578 1245 608 1346 
T 22137600 ps
629 1495 671 1617 744 1907 830 2169 
T 22140800 ps
991 2594 2243 2796 1517 4266 2267 6284 
T 22144 ns
4351 13321 27907 11318 -3224 -10613 -1432 -5374 
T 22147200 ps
-945 -3610 -1720 -2333 -500 -2146 -381 -1718 
T 22150400 ps
-333 -1501 -270 -1234 -192 -1131 -114 -989 
T 22153600 ps
-133 -851 -436 -659 -46 -732 -66 -644 
T 22156800 ps
-25 -605 -91 -562 -22 -469 67 -413 
T 22160 ns
14 -421 -192 -287 24 -358 18 -283 
T 22163200 ps
68 -344 42 -283 66 -261 95 -210 
T 22166400 ps
127 -215 -58 -169 114 -224 91 -216 
T 22169600 ps
126 -184 75 -159 117 -138 131 -92 
T 22172800 ps
129 -116 -1 -54 136 -120 167 -167 
T 22176 ns
136 -62 107 -47 95 -110 196 3 
T 22179200 ps
151 -78 73 10 162 -53 159 2 
T 22182400 ps
153 -40 127 -45 153 -32 184 40 
T 22185600 ps
185 -38 84 29 156 -17 149 2 
T 22188800 ps
184 -6 196 27 169 18 125 64 
T 22192 ns
185 46 96 69 159 3 207 29 
T 22195200 ps
172 66 124 63 210 51 210 76 
T 22198400 ps
212 87 137 98 203 50 234 111 
T 22201600 ps
197 39 143 79 185 80 213 121 
T 22204800 ps
212 71 155 84 192 97 204 92 
T 22208 ns
205 98 166 94 236 72 199 141 
T 22211200 ps
219 109 115 97 285 127 219 62 
T 22214400 ps
238 112 195 120 199 121 226 149 
T 22217600 ps
211 107 131 82 477 447 303 176 
T 22220800 ps
231 180 258 110 239 160 284 247 
T 22224 ns
260 149 202 165 384 207 232 171 
T 22227200 ps
227 159 237 142 247 166 260 227 
T 22230400 ps
298 146 178 172 267 136 230 167 
T 22233600 ps
225 157 254 181 266 167 290 215 
T 22236800 ps
286 163 220 193 279 172 264 193 
T 22240 ns
249 176 256 211 268 219 293 211 
T 22243200 ps
263 205 191 218 268 178 285 170 
T 22246400 ps
310 193 204 241 265 238 295 228 
T 22249600 ps
294 185 246 217 292 198 321 238 
T 22252800 ps
287 220 337 217 294 194 334 267 
T 22256 ns
321 203 245 233 337 210 297 261 
T 22259200 ps
297 250 265 248 278 240 328 264 
T 22262400 ps
294 269 309 259 351 239 306 286 
T 22265600 ps
320 211 299 285 363 253 324 284 
T 22268800 ps
337 267 330 267 362 249 365 263 
T 22272 ns
321 274 287 289 441 215 362 307 
T 22275200 ps
390 308 350 305 388 299 375 228 
T 22278400 ps
406 259 360 305 388 280 372 334 
T 22281600 ps
398 283 351 299 415 266 385 297 
T 22284800 ps
436 320 388 273 428 316 384 335 
T 22288 ns
402 288 346 303 428 311 463 337 
T 22291200 ps
421 309 476 276 433 331 367 332 
T 22294400 ps
393 321 371 347 453 364 437 317 
T 22297600 ps
458 363 410 354 429 328 469 365 
T 22300800 ps
465 348 430 365 470 369 442 380 
T 22304 ns
477 386 494 378 443 369 437 381 
T 22307200 ps
504 384 452 422 475 381 469 354 
T 22310400 ps
524 405 501 409 521 378 526 430 
T 22313600 ps
528 406 476 414 576 398 566 436 
T 22316800 ps
594 394 566 417 638 379 603 466 
T 22320 ns
610 462 559 423 640 429 618 447 
T 22323200 ps
665 423 718 529 700 488 651 495 
T 22326400 ps
718 493 681 471 739 494 707 479 
T 22329600 ps
765 481 762 503 759 488 793 565 
T 22332800 ps
815 554 763 523 832 539 849 561 
T 22336 ns
888 538 864 568 880 580 929 631 
T 22339200 ps
974 652 925 610 1022 640 1016 613 
T 22342400 ps
1061 639 1076 630 1119 636 1154 724 
T 22345600 ps
1214 688 1168 693 1274 714 1321 746 
T 22348800 ps
1379 810 1369 772 1490 810 1525 959 
T 22352 ns
1663 867 1611 898 1831 908 1866 967 
T 22355200 ps
2010 1019 2127 1065 2311 1135 2416 1316 
T 22358400 ps
2653 1249 2859 1272 3172 1484 3466 1562 
T 22361600 ps
4027 1742 4474 1985 5378 2221 6289 2960 
T 22364800 ps
8280 3260 11265 4135 18359 6954 -17955 17206 
T 22368 ns
-9439 -26722 -20569 -7343 -12109 -4060 -8185 -3150 
T 22371200 ps
-6509 -2040 -5288 -1409 -4411 -1263 -3719 -1013 
T 22374400 ps
-3353 -866 -2947 -713 -2645 -632 -2321 -633 
T 22377600 ps
-2199 -431 -2063 -340 -1868 -358 -1712 -263 
T 22380800 ps
-1596 -257 -1469 -184 -1437 -149 -1301 -187 
T 22384 ns
-1265 -95 -1245 -37 -1120 -31 -1044 -27 
T 22387200 ps
-1042 42 -939 -6 -921 58 -856 -7 
T 22390400 ps
-857 58 -894 134 -801 109 -737 109 
T 22393600 ps
-731 128 -666 166 -682 168 -620 128 
T 22396800 ps
-628 200 -645 221 -553 238 -554 234 
T 22400 ns
-536 242 -545 223 -541 277 -456 213 
T 22403200 ps
-504 259 -470 301 -435 284 -368 289 
T 22406400 ps
-406 296 -385 297 -390 323 -376 283 
T 22409600 ps
-377 326 -414 372 -309 320 -384 350 
T 22412800 ps
-338 395 -367 348 -249 398 -264 388 
T 22416 ns
-274 434 -315 466 -207 409 -243 382 
T 22419200 ps
-235 473 -236 460 -208 465 -194 433 
T 22422400 ps
-205 496 -300 501 -159 480 -114 487 
T 22425600 ps
-132 533 -210 516 -150 483 -132 490 
T 22428800 ps
-163 541 -187 556 -115 531 -98 568 
T 22432 ns
-136 545 -92 573 -58 564 -88 613 
T 22435200 ps
-41 611 -121 660 -53 630 -37 599 
T 22438400 ps
-71 642 -68 578 10 661 -32 629 
T 22441600 ps
142 661 -309 723 9158 1386 -16283 5518 
T 22444800 ps
-29 761 -69 745 -12 758 -12 751 
T 22448 ns
-19 741 -101 819 -7 819 0 788 
T 22451200 ps
4 777 -32 823 58 883 56 850 
T 22454400 ps
17 878 -57 881 43 909 110 883 
T 22457600 ps
48 980 92 914 111 949 93 966 
T 22460800 ps
98 1027 18 1053 113 1047 144 1018 
T 22464 ns
104 1049 79 1097 177 1100 157 1089 
T 22467200 ps
152 1150 68 1159 143 1257 191 1218 
T 22470400 ps
151 1262 199 1288 208 1298 185 1298 
T 22473600 ps
217 1335 94 1395 220 1405 251 1407 
T 22476800 ps
241 1482 260 1486 299 1527 280 1585 
T 22480 ns
318 1617 127 1672 330 1689 356 1680 
T 22483200 ps
372 1813 353 1791 357 1843 362 1894 
T 22486400 ps
407 1949 254 2053 436 2060 524 2120 
T 22489600 ps
477 2208 446 2268 564 2384 573 2437 
T 22492800 ps
542 2546 353 2622 645 2730 710 2760 
T 22496 ns
706 2945 705 3039 754 3247 783 3308 
T 22499200 ps
856 3477 594 3780 921 3904 1067 4018 
T 22502400 ps
1105 4359 1107 4522 1236 4956 1326 5213 
T 22505600 ps
1423 5700 992 6189 1706 6692 2051 7141 
T 22508800 ps
2087 8121 2280 9011 2730 10339 3050 11840 
T 22512 ns
3751 14182 3112 17574 5977 22557 9092 31198 
T 22515200 ps
14732 -11123 2347 -26245 -26820 -1497 -12662 17405 
T 22518400 ps
-8241 -29933 -4017 -21786 -4668 -16932 -4038 -13604 
T 22521600 ps
-3247 -11797 -2814 -10135 -2592 -9087 -2170 -8029 
T 22524800 ps
-2067 -7340 -1312 -6783 -1741 -6206 -1722 -5644 
T 22528 ns
-1525 -5369 -1373 -4913 -1351 -4784 -1202 -4408 
T 22531200 ps
-1231 -4222 -788 -4033 -1096 -3828 -1097 -3558 
T 22534400 ps
-1016 -3486 -976 -3288 -934 -3240 -886 -3043 
T 22537600 ps
-891 -2949 -607 -2848 -793 -2763 -815 -2655 
T 22540800 ps
-749 -2594 -667 -2449 -760 -2459 -677 -2334 
T 22544 ns
-668 -2286 -501 -2222 -658 -2195 -652 -2048 
T 22547200 ps
-595 -2066 -592 -1994 -622 -1955 -560 -1887 
T 22550400 ps
-561 -1885 -420 -1858 -562 -1772 -543 -1702 
T 22553600 ps
-521 -1705 -519 -1671 -509 -1640 -461 -1570 
T 22556800 ps
-469 -1582 -320 -1571 -452 -1562 -500 -1453 
T 22560 ns
-472 -1449 -428 -1441 -463 -1418 -413 -1368 
T 22563200 ps
-400 -1374 -204 -1305 -399 -1337 -461 -1269 
T 22566400 ps
-385 -1284 -345 -1311 -390 -1237 -367 -1213 
T 22569600 ps
-359 -1230 -281 -1197 -398 -1209 -367 -1169 
T 22572800 ps
-403 -1155 -378 -1098 -330 -1142 -311 -1083 
T 22576 ns
-338 -1106 -261 -1082 -303 -1038 -330 -987 
T 22579200 ps
-317 -1051 -301 -971 -310 -1006 -269 -989 
T 22582400 ps
-296 -971 -262 -1002 -288 -949 -303 -918 
T 22585600 ps
-276 -940 -297 -918 -261 -912 -241 -843 
T 22588800 ps
-258 -928 -206 -873 -176 -933 -334 -838 
T 22592 ns
-288 -826 -217 -795 -305 -864 -271 -869 
T 22595200 ps
-285 -829 -193 -813 -255 -823 -238 -737 
T 22598400 ps
-229 -783 -199 -791 -255 -773 -188 -736 
T 22601600 ps
-241 -768 -182 -732 -215 -744 -257 -732 
T 22604800 ps
-233 -749 -240 -737 -215 -670 -207 -688 
T 22608 ns
-206 -703 -166 -703 -178 -724 -162 -691 
T 22611200 ps
-220 -676 -165 -685 -209 -672 -199 -677 
T 22614400 ps
-179 -661 -171 -634 -194 -653 -196 -598 
T 22617600 ps
-213 -645 -175 -611 -260 -644 -138 -564 
T 22620800 ps
-225 -639 -138 -610 -175 -616 -189 -601 
T 22624 ns
-209 -591 -215 -589 -135 -574 -147 -553 
T 22627200 ps
-133 -570 -126 -583 -151 -596 -211 -526 
T 22630400 ps
-183 -556 -147 -535 -124 -558 -112 -513 
T 22633600 ps
-130 -524 -89 -487 -158 -531 -113 -499 
T 22636800 ps
-139 -549 -91 -530 -100 -478 -89 -504 
T 22640 ns
-135 -522 -71 -543 -90 -492 -135 -525 
T 22643200 ps
-140 -483 -45 -440 -139 -435 -66 -469 
T 22646400 ps
-63 -490 -69 -464 -43 -427 -108 -388 
T 22649600 ps
-39 -440 -23 -387 -81 -406 -25 -397 
T 22652800 ps
-32 -405 28 -366 -13 -336 -39 -307 
T 22656 ns
19 -337 45 -304 76 -309 90 -288 
T 22659200 ps
127 -240 205 -209 237 -188 264 10 
T 22662400 ps
473 98 749 272 1520 923 8910 7198 
T 22665600 ps
-2730 -2658 -1198 -1399 -848 -1045 -640 -1007 
T 22668800 ps
-566 -853 -508 -774 -462 -693 -387 -640 
T 22672 ns
-391 -636 -303 -608 -339 -610 -308 -633 
T 22675200 ps
-328 -594 -267 -511 -252 -552 -231 -519 
T 22678400 ps
-259 -548 -199 -505 -246 -526 -212 -506 
T 22681600 ps
-239 -498 -221 -474 -227 -498 -191 -439 
T 22684800 ps
-188 -512 -205 -481 -221 -499 -207 -518 
T 22688 ns
-229 -450 -201 -435 -198 -482 -200 -439 
T 22691200 ps
-185 -458 -131 -451 -202 -407 -181 -445 
T 22694400 ps
-148 -397 -180 -403 -144 -453 -164 -415 
T 22697600 ps
-153 -441 -126 -409 -190 -413 -164 -414 
T 22700800 ps
-129 -415 -153 -414 -177 -409 -121 -431 
T 22704 ns
-165 -425 -109 -415 -156 -386 -176 -408 
T 22707200 ps
-182 -401 -130 -389 -158 -407 -135 -407 
T 22710400 ps
-136 -368 -118 -381 -120 -362 -128 -346 
T 22713600 ps
-124 -387 -174 -393 -146 -395 -122 -360 
T 22716800 ps
-132 -418 -130 -382 -149 -384 -181 -384 
T 22720 ns
-131 -378 -107 -312 -156 -356 -144 -335 
T 22723200 ps
-139 -357 -128 -372 -146 -388 -144 -340 
T 22726400 ps
-135 -371 -156 -388 -116 -379 -75 -368 
T 22729600 ps
-135 -357 -82 -323 -116 -338 -117 -353 
T 22732800 ps
-113 -316 -103 -342 -97 -328 -86 -321 
T 22736 ns
-113 -342 -119 -312 -146 -333 -101 -348 
T 22739200 ps
-159 -276 -93 -376 -128 -342 -103 -327 
T 22742400 ps
-136 -320 -140 -313 -131 -333 -90 -317 
T 22745600 ps
-118 -330 -137 -346 -129 -332 -119 -326 
T 22748800 ps
-104 -364 -103 -365 -89 -372 -159 -296 
T 22752 ns
-88 -353 -83 -329 -96 -276 -81 -323 
T 22755200 ps
-99 -325 -63 -314 -106 -275 -104 -342 
T 22758400 ps
-114 -311 -179 -285 -113 -270 -101 -333 
T 22761600 ps
-113 -334 -74 -289 -86 -338 -74 -320 
T 22764800 ps
-114 -336 -86 -298 -135 -286 -105 -277 
T 22768 ns
-97 -317 -65 -317 -73 -323 -105 -288 
T 22771200 ps
-138 -337 -78 -328 -133 -311 -130 -263 
T 22774400 ps
-83 -312 -58 -304 -109 -285 -58 -266 
T 22777600 ps
-129 -263 -85 -304 -123 -291 -87 -273 
T 22780800 ps
-86 -257 -98 -266 -76 -298 -73 -274 
T 22784 ns
-90 -299 -137 -282 -87 -274 -122 -277 
T 22787200 ps
-64 -240 -86 -310 -60 -224 -75 -275 
T 22790400 ps
-110 -268 -75 -247 -95 -267 -91 -253 
T 22793600 ps
-79 -296 -92 -270 -74 -271 -65 -243 
T 22796800 ps
-95 -272 -69 -247 -104 -274 -98 -245 
T 22800 ns
-84 -244 -37 -280 -87 -275 -30 -284 
T 22803200 ps
-79 -270 -82 -269 -74 -290 -17 -255 
T 22806400 ps
-63 -290 -131 -205 -89 -268 -47 -243 
T 22809600 ps
-72 -258 -64 -263 -136 -248 -91 -239 
T 22812800 ps
-96 -265 -58 -248 -86 -255 -124 -231 
T 22816 ns
-71 -266 -72 -245 -53 -229 -64 -251 
T 22819200 ps
-67 -250 -48 -261 -74 -240 -66 -265 
T 22822400 ps
-60 -195 -87 -280 -95 -219 -80 -261 
T 22825600 ps
-87 -219 -66 -245 -64 -247 -67 -248 
T 22828800 ps
-72 -262 -77 -273 -59 -230 -84 -194 
T 22832 ns
-51 -235 -66 -225 -62 -241 -56 -280 
T 22835200 ps
-88 -256 -68 -244 -98 -214 -92 -248 
T 22838400 ps
-99 -242 -57 -263 -62 -266 -80 -219 
T 22841600 ps
-44 -216 -64 -211 -65 -252 -67 -225 
T 22844800 ps
-40 -225 -50 -246 -45 -215 -48 -232 
T 22848 ns
-72 -271 -71 -248 -69 -201 -19 -224 
T 22851200 ps
-90 -199 -37 -218 -95 -214 -84 -181 
T 22854400 ps
-77 -164 -70 -275 -75 -211 -73 -245 
T 22857600 ps
-42 -208 -35 -225 -39 -221 -46 -189 
T 22860800 ps
-74 -224 -48 -247 -89 -191 -30 -219 
T 22864 ns
-44 -241 -51 -202 -68 -205 -49 -218 
T 22867200 ps
-55 -218 -73 -237 -66 -210 -36 -222 
T 22870400 ps
-88 -208 -60 -218 -41 -187 -75 -217 
T 22873600 ps
-47 -212 -21 -137 -94 -272 -61 -217 
T 22876800 ps
-68 -222 -21 -187 -80 -231 -39 -250 
T 22880 ns
-64 -183 -34 -193 -56 -205 -45 -216 
T 22883200 ps
-48 -202 -32 -240 -67 -233 -20 -194 
T 22886400 ps
TLAST
-66 -210 -22 -209 -26 -62 -88 -168 
