T 13331200 ps
-53 -215 -36 -164 -72 -218 -35 -161 
T 13334400 ps
-22 -199 -53 -191 -57 -232 -55 -194 
T 13337600 ps
-66 -185 -70 -177 -49 -204 -56 -198 
T 13340800 ps
-52 -213 -24 -156 -22 -196 -55 -159 
T 13344 ns
-61 -180 -40 -204 -22 -204 -3 -209 
T 13347200 ps
-61 -188 -72 -147 -33 -199 -75 -164 
T 13350400 ps
-41 -204 -40 -168 -44 -186 -38 -196 
T 13353600 ps
-47 -187 -56 -190 -77 -184 -21 -153 
T 13356800 ps
-58 -187 -31 -151 -38 -181 -57 -192 
T 13360 ns
-37 -130 -59 -222 -14 -166 -51 -173 
T 13363200 ps
-26 -149 -32 -189 -44 -199 -27 -180 
T 13366400 ps
3 -203 -33 -191 -75 -197 -54 -195 
T 13369600 ps
-43 -191 -52 -151 -51 -174 -70 -143 
T 13372800 ps
-59 -186 -49 -173 -27 -195 -82 -132 
T 13376 ns
-27 -149 -22 -179 -43 -168 -61 -148 
T 13379200 ps
-54 -181 -40 -171 -45 -193 -32 -148 
T 13382400 ps
-82 -177 -53 -183 -48 -170 -47 -204 
T 13385600 ps
-53 -186 -61 -212 -50 -151 -8 -158 
T 13388800 ps
-50 -160 -30 -174 -47 -145 -66 -169 
T 13392 ns
-25 -182 -30 -155 -57 -190 -54 -145 
T 13395200 ps
-48 -197 -48 -157 -62 -185 -5 -135 
T 13398400 ps
-39 -167 -58 -166 -18 -183 -6 -151 
T 13401600 ps
-3 -152 -45 -156 -35 -166 -23 -140 
T 13404800 ps
-19 -171 -52 -155 -96 -157 -72 -168 
T 13408 ns
-49 -128 6 -155 -43 -147 -17 -154 
T 13411200 ps
-47 -191 -38 -176 -61 -152 -34 -153 
T 13414400 ps
-50 -152 -17 -170 -50 -170 -58 -158 
T 13417600 ps
-44 -172 -26 -183 -17 -160 -66 -162 
T 13420800 ps
-35 -140 -59 -154 -36 -192 -25 -188 
T 13424 ns
-59 -157 -57 -150 -37 -188 -42 -177 
T 13427200 ps
-47 -169 -24 -135 -83 -149 -38 -135 
T 13430400 ps
-53 -155 -35 -159 -11 -124 -18 -173 
T 13433600 ps
-1 -140 -10 -131 -15 -153 -44 -166 
T 13436800 ps
-52 -140 -16 -174 -33 -144 -46 -149 
T 13440 ns
6 -123 -31 -142 -19 -136 -6 -169 
T 13443200 ps
-48 -153 13 -99 -59 -94 14 -156 
T 13446400 ps
-18 -199 -22 -159 -14 -125 -32 -155 
T 13449600 ps
-49 -129 -36 -157 -32 -145 -17 -148 
T 13452800 ps
-41 -168 21 -142 -45 -133 -54 -120 
T 13456 ns
-31 -143 -37 -156 -61 -152 -32 -162 
T 13459200 ps
-42 -155 -30 -155 -38 -141 -12 -157 
T 13462400 ps
-38 -174 -9 -139 -65 -158 -43 -143 
T 13465600 ps
-29 -150 -4 -163 -24 -145 -40 -132 
T 13468800 ps
-42 -115 -10 -144 -45 -163 -68 -138 
T 13472 ns
-12 -130 18 -140 -27 -141 -25 -146 
T 13475200 ps
2 -136 -34 -137 -30 -170 -41 -152 
T 13478400 ps
-14 -144 4 -143 -35 -163 -34 -155 
T 13481600 ps
-9 -132 -15 -161 5 -134 -78 -153 
T 13484800 ps
8 -181 5 -122 -12 -179 -60 -115 
T 13488 ns
-7 -141 0 -159 -23 -140 -19 -140 
T 13491200 ps
-35 -187 -15 -117 -18 -153 -81 -112 
T 13494400 ps
-27 -135 -32 -103 -25 -144 10 -147 
T 13497600 ps
-63 -140 -27 -152 -39 -152 -5 -126 
T 13500800 ps
-34 -97 -42 -83 -10 -143 -24 -130 
T 13504 ns
-2 -130 8 -127 -17 -141 -4 -121 
T 13507200 ps
-2 -141 -41 -136 -16 -149 -41 -92 
T 13510400 ps
-36 -151 -78 -131 14 -94 -18 -91 
T 13513600 ps
-22 -121 7 -167 -18 -106 -14 -101 
T 13516800 ps
-33 -137 -21 -147 9 -116 6 -134 
T 13520 ns
-70 -121 -25 -150 -30 -142 -11 -113 
T 13523200 ps
-1 -162 14 -106 -25 -89 1 -113 
T 13526400 ps
-16 -137 -17 -123 1 -145 -31 -99 
T 13529600 ps
-40 -136 -18 -111 -18 -87 -19 -157 
T 13532800 ps
-24 -95 -10 -132 -6 -90 -33 -82 
T 13536 ns
-13 -135 -15 -140 8 -115 -54 -101 
T 13539200 ps
-24 -77 -22 -133 -52 -152 -36 -130 
T 13542400 ps
-43 -134 -18 -88 -30 -141 -33 -95 
T 13545600 ps
-48 -134 -2 -111 -8 -150 -46 -127 
T 13548800 ps
-25 -77 -8 -99 -15 -118 -51 -167 
T 13552 ns
-48 -124 51 -33 3 -71 11 -134 
T 13555200 ps
-43 -91 -42 -108 43 -94 -8 -130 
T 13558400 ps
-7 -128 144 -210 -20 -111 6 -110 
T 13561600 ps
-20 -77 21 -118 -20 -133 11 -117 
T 13564800 ps
-34 -143 -28 -122 -7 -137 -5 -133 
T 13568 ns
-14 -106 11 -113 -17 -141 36 -93 
T 13571200 ps
30 -91 -11 -109 -29 -100 -2 -68 
T 13574400 ps
-6 -102 1 -187 -22 -116 -44 -70 
T 13577600 ps
-54 -112 -44 -127 -33 -90 -1 -114 
T 13580800 ps
-9 -85 -26 -64 -17 -104 -1 -116 
T 13584 ns
-19 -85 -11 -94 -29 -115 11 -67 
T 13587200 ps
-16 -121 -14 -88 -18 -117 -13 -87 
T 13590400 ps
-1 -103 -34 -131 -24 -95 -39 -85 
T 13593600 ps
0 -99 -29 -105 -39 -102 -9 -97 
T 13596800 ps
10 -120 21 -75 -12 -96 -25 -105 
T 13600 ns
-31 -123 -18 -89 -19 -115 -6 -79 
T 13603200 ps
19 -97 -7 -121 -26 -113 0 -94 
T 13606400 ps
-42 -42 45 -210 21 -111 -14 -97 
T 13609600 ps
-19 -118 -12 -109 -33 -93 -48 -84 
T 13612800 ps
10 -116 1 -134 -14 -113 46 -63 
T 13616 ns
13 -92 -20 -80 28 -96 -14 -98 
T 13619200 ps
-9 -95 63 -122 -11 -109 -4 -52 
T 13622400 ps
-15 -82 19 -116 37 -116 -22 -77 
T 13625600 ps
22 -116 53 -65 -43 -94 -37 -78 
T 13628800 ps
-18 -109 14 -74 2 -79 -24 -63 
T 13632 ns
-30 -89 22 -93 2 -82 -25 -125 
T 13635200 ps
-20 -69 -6 -70 -20 -101 -38 -52 
T 13638400 ps
0 -70 -10 -93 -48 -128 -18 -83 
T 13641600 ps
10 -69 -1 -42 4 -76 0 -52 
T 13644800 ps
-11 -39 17 -109 -8 -93 -12 -53 
T 13648 ns
-7 -69 -25 -78 -30 -57 -22 -65 
T 13651200 ps
14 -69 -1 -55 9 -85 -21 -91 
T 13654400 ps
-21 -96 24 -78 -14 -72 33 -55 
T 13657600 ps
5 -35 -8 -58 12 -35 56 -42 
T 13660800 ps
-5 -75 15 -33 2 -50 -38 -51 
T 13664 ns
-37 -56 6 -41 -4 -37 8 -63 
T 13667200 ps
5 -63 -64 -64 -31 -72 43 -22 
T 13670400 ps
-3 -2 38 -68 14 -65 -24 -66 
T 13673600 ps
14 -37 29 -44 -41 -52 12 -24 
T 13676800 ps
-22 -56 31 -60 8 -66 -2 -25 
T 13680 ns
-11 -43 -69 -53 -30 -57 11 -28 
T 13683200 ps
-3 -44 -26 -49 -32 -45 16 -49 
T 13686400 ps
0 -67 -19 -57 -22 -7 -39 -31 
T 13689600 ps
-9 -53 24 -5 -6 -46 -1 -33 
T 13692800 ps
12 -9 1 -30 -15 -1 -8 -35 
T 13696 ns
-25 -69 2 -39 -1 -30 -1 -33 
T 13699200 ps
-22 -13 -78 -86 -106 -17 60 -81 
T 13702400 ps
43 -92 2 -30 -9229 -781 -29656 13895 
T 13705600 ps
26 -36 17 29 46 -12 -63 -72 
T 13708800 ps
20 -32 -13 -27 15 -17 29 -19 
T 13712 ns
-17 -34 -17 -38 11 -30 8 -64 
T 13715200 ps
-2 -1 16 -18 -29 25 17 -20 
T 13718400 ps
-23 -9 -3 -45 0 -28 -11 10 
T 13721600 ps
40 -33 28 -3 22 22 -31 -9 
T 13724800 ps
19 24 -25 21 -19 -26 -5 15 
T 13728 ns
-19 -5 20 -7 -27 29 17 24 
T 13731200 ps
11 18 -3 32 -28 6 17 10 
T 13734400 ps
-39 7 32 29 -24 17 -19 49 
T 13737600 ps
11 0 -25 5 -22 58 -6 27 
T 13740800 ps
16 21 -1 38 29 60 8 44 
T 13744 ns
-29 64 28 16 4 40 -15 11 
T 13747200 ps
-28 62 16 21 -17 29 28 62 
T 13750400 ps
-25 96 58 42 11 65 -9 81 
T 13753600 ps
-20 94 15 42 -8 87 10 92 
T 13756800 ps
-25 86 -14 88 -21 102 6 89 
T 13760 ns
-22 129 47 133 -14 143 -31 90 
T 13763200 ps
-21 97 16 139 -8 130 -15 136 
T 13766400 ps
-12 175 53 146 -22 154 24 170 
T 13769600 ps
-12 178 28 193 -28 217 0 230 
T 13772800 ps
-1 264 24 256 18 224 33 205 
T 13776 ns
-25 270 1780 -5794 -9244 931 -61 288 
T 13779200 ps
-25 283 -13 330 -27 355 -18 318 
T 13782400 ps
50 368 -9 378 -33 420 -7 476 
T 13785600 ps
-23 500 75 508 -19 562 -9 591 
T 13788800 ps
-18 636 13 667 -7 724 29 787 
T 13792 ns
-35 902 85 940 -58 1064 33 1146 
T 13795200 ps
-13 1323 -29 1487 -51 1787 -82 2087 
T 13798400 ps
-59 2653 168 3385 -115 4823 -137 7989 
T 13801600 ps
-652 24311 752 -25098 226 -8483 244 -5037 
T 13804800 ps
118 -3694 -114 -2867 64 -2387 14 -1982 
T 13808 ns
63 -1762 42 -1544 46 -1463 26 -1297 
T 13811200 ps
34 -1244 -62 -1102 38 -1040 2 -975 
T 13814400 ps
70 -950 9 -891 36 -869 67 -808 
T 13817600 ps
2 -739 1 -702 7 -747 5 -662 
T 13820800 ps
27 -662 -21 -614 24 -619 55 -556 
T 13824 ns
23 -557 -10 -523 31 -537 11 -537 
T 13827200 ps
-14 -565 15 -479 -34 -521 25 -483 
T 13830400 ps
14 -475 8 -496 42 -465 -21 -415 
T 13833600 ps
-36 -420 54 -454 19 -427 20 -374 
T 13836800 ps
-18 -432 -18 -387 12 -395 -7 -374 
T 13840 ns
-14 -388 15 -405 0 -390 34 -352 
T 13843200 ps
38 -323 -4 -362 7 -408 -22 -349 
T 13846400 ps
-17 -359 -5 -398 -24 -375 -45 -335 
T 13849600 ps
-310 -528 151 -290 74 -265 7 -305 
T 13852800 ps
54 -300 65 -329 48 -321 75 -269 
T 13856 ns
109 -289 -71 -287 -20 -314 16 -285 
T 13859200 ps
20 -274 65 -277 -1 -287 27 -301 
T 13862400 ps
57 -298 45 -345 22 -283 19 -282 
T 13865600 ps
43 -281 11 -234 16 -301 15 -286 
T 13868800 ps
51 -254 35 -272 48 -252 31 -248 
T 13872 ns
39 -219 17 -269 40 -277 31 -281 
T 13875200 ps
39 -289 18 -263 -28 -257 7 -273 
T 13878400 ps
13 -221 34 -212 21 -249 16 -244 
T 13881600 ps
23 -215 -29 -201 -14 -199 -28 -220 
T 13884800 ps
47 -225 40 -260 15 -256 30 -212 
T 13888 ns
38 -255 36 -251 -6 -257 9 -218 
T 13891200 ps
-3 -244 -1 -231 10 -240 25 -196 
T 13894400 ps
39 -231 -22 -246 46 -231 -3 -205 
T 13897600 ps
107 -251 10 -197 -1 -267 26 -197 
T 13900800 ps
-26 -223 7 -191 9 -215 4 -222 
T 13904 ns
45 -236 10 -255 -18 -224 47 -222 
T 13907200 ps
-2 -227 -1 -224 1 -199 36 -222 
T 13910400 ps
0 -193 -11 -219 -1 -224 6 -218 
T 13913600 ps
12 -241 -32 -214 44 -185 19 -171 
T 13916800 ps
40 -212 61 -242 33 -234 20 -168 
T 13920 ns
13 -222 43 -197 -2 -215 6 -196 
T 13923200 ps
17 -184 -9 -196 22 -209 -13 -183 
T 13926400 ps
18 -220 33 -192 31 -196 10 -181 
T 13929600 ps
-3 -176 -23 -171 41 -194 65 -186 
T 13932800 ps
19 -210 28 -187 48 -209 43 -186 
T 13936 ns
26 -230 25 -181 16 -156 34 -174 
T 13939200 ps
-8 -165 27 -157 19 -211 -7 -171 
T 13942400 ps
22 -185 4 -169 37 -196 31 -207 
T 13945600 ps
16 -160 9 -205 14 -180 39 -196 
T 13948800 ps
20 -185 3 -177 19 -173 -6 -171 
T 13952 ns
-20 -187 16 -166 6 -155 50 -214 
T 13955200 ps
32 -173 6 -203 -1 -184 18 -165 
T 13958400 ps
6 -198 18 -203 42 -149 -7 -141 
T 13961600 ps
30 -144 14 -189 39 -179 1 -171 
T 13964800 ps
23 -133 24 -204 -19 -165 9 -161 
T 13968 ns
63 -170 20 -179 -8 -185 34 -184 
T 13971200 ps
19 -177 12 -163 21 -189 32 -156 
T 13974400 ps
-5 -160 3 -162 22 -179 43 -197 
T 13977600 ps
14 -170 29 -137 31 -192 32 -167 
T 13980800 ps
22 -155 43 -158 40 -158 20 -143 
T 13984 ns
25 -141 -10 -172 49 -177 23 -161 
T 13987200 ps
17 -161 23 -157 46 -161 5 -186 
T 13990400 ps
13 -139 -4 -157 11 -175 -12 -178 
T 13993600 ps
12 -181 15 -140 -3 -140 33 -150 
T 13996800 ps
23 -192 3 -176 -29 -152 0 -167 
T 14 us
45 -160 -22 -137 25 -165 28 -132 
T 14003200 ps
53 -163 32 -155 94 -198 25 -146 
T 14006400 ps
8 -142 -4 -165 52 -153 6 -185 
T 14009600 ps
17 -193 13 -155 46 -143 -15 -184 
T 14012800 ps
-5 -128 24 -212 -8 -174 30 -162 
T 14016 ns
23 -169 4 -119 7 -148 14 -160 
T 14019200 ps
8 -161 23 -151 15 -194 12 -146 
T 14022400 ps
40 -131 20 -171 23 -163 29 -161 
T 14025600 ps
14 -148 17 -185 -18 -149 48 -162 
T 14028800 ps
60 -182 13 -169 21 -179 41 -154 
T 14032 ns
23 -140 18 -138 34 -166 18 -151 
T 14035200 ps
25 -174 30 -162 44 -146 29 -129 
T 14038400 ps
32 -170 48 -179 40 -136 -19 -151 
T 14041600 ps
34 -163 33 -167 22 -170 -12 -143 
T 14044800 ps
-9 -174 13 -166 26 -181 4 -147 
T 14048 ns
19 -169 23 -171 12 -136 14 -114 
T 14051200 ps
-26 -130 40 -156 11 -169 42 -170 
T 14054400 ps
28 -183 71 -145 -23 -156 21 -161 
T 14057600 ps
15 -150 -14 -166 43 -145 31 -178 
T 14060800 ps
43 -157 37 -152 58 -148 45 -151 
T 14064 ns
-1 -136 46 -133 56 -140 -18 -126 
T 14067200 ps
11 -156 30 -132 7 -132 5 -169 
T 14070400 ps
-16 -168 4 -133 11 -167 42 -110 
T 14073600 ps
34 -143 -16 -176 21 -150 -23 -138 
T 14076800 ps
45 -154 35 -174 23 -179 44 -153 
T 14080 ns
3 -154 -2 -131 19 -147 26 -135 
T 14083200 ps
28 -173 23 -138 26 -164 13 -128 
T 14086400 ps
34 -118 46 -119 32 -165 41 -138 
T 14089600 ps
28 -136 38 -112 18 -113 51 -125 
T 14092800 ps
-26 -112 7 -148 3 -160 -20 -132 
T 14096 ns
54 -116 20 -158 13 -131 24 -160 
T 14099200 ps
-4 -125 47 -149 19 -193 8 -145 
T 14102400 ps
32 -154 55 -146 51 -126 6 -152 
T 14105600 ps
0 -157 4 -130 29 -137 3 -159 
T 14108800 ps
2 -131 3 -138 12 -152 22 -117 
T 14112 ns
27 -152 -11 -108 8 -129 41 -116 
T 14115200 ps
35 -134 40 -139 30 -166 5 -131 
T 14118400 ps
4 -140 20 -136 13 -159 19 -114 
T 14121600 ps
38 -126 21 -140 35 -135 65 -170 
T 14124800 ps
1 -176 -2 -151 24 -131 46 -113 
T 14128 ns
4 -161 65 -139 15 -133 7 -121 
T 14131200 ps
15 -149 19 -145 59 -143 27 -109 
T 14134400 ps
10 -141 42 -80 54 -164 9 -185 
T 14137600 ps
11 -181 52 -142 19 -152 33 -164 
T 14140800 ps
44 -119 47 -120 22 -145 28 -155 
T 14144 ns
45 -135 -8 -110 13 -125 3 -101 
T 14147200 ps
TLAST
15 -101 14 -157 11 -137 -10 -114 
