T 13344 ns
71 -121 104 -106 98 -222 31 -95 
T 13347200 ps
64 -127 93 -141 37 -126 19 -146 
T 13350400 ps
64 -123 64 -123 97 -162 76 -114 
T 13356800 ps
80 -121 80 -172 48 -148 49 -109 
T 13360 ns
55 -140 54 -146 80 -170 37 -77 
T 13363200 ps
57 -124 34 -151 75 -151 65 -108 
T 13366400 ps
71 -100 40 -144 28 -118 74 -136 
T 13369600 ps
61 -125 72 -146 75 -124 81 -131 
T 13372800 ps
86 -99 61 -129 54 -111 59 -128 
T 13376 ns
59 -140 53 -190 16 -156 75 -119 
T 13379200 ps
114 -119 38 -115 52 -147 91 -148 
T 13382400 ps
55 -91 39 -141 57 -141 38 -137 
T 13385600 ps
41 -125 64 -131 67 -132 50 -115 
T 13388800 ps
81 -126 27 -163 97 -143 52 -124 
T 13392 ns
81 -125 62 -123 77 -148 57 -128 
T 13395200 ps
18 -141 60 -121 55 -179 32 -134 
T 13398400 ps
54 -165 81 -119 86 -152 65 -138 
T 13401600 ps
53 -198 87 -178 86 -119 48 -124 
T 13404800 ps
62 -140 90 -130 61 -123 116 -119 
T 13408 ns
65 -140 72 -169 47 -148 66 -153 
T 13411200 ps
64 -163 78 -149 70 -161 11 -117 
T 13414400 ps
63 -169 60 -126 72 -149 66 -139 
T 13417600 ps
65 -184 107 -168 107 -172 97 -136 
T 13420800 ps
59 -145 84 -205 124 -165 42 -150 
T 13424 ns
65 -190 110 -139 95 -127 71 -154 
T 13427200 ps
99 -165 100 -142 49 -152 78 -81 
T 13430400 ps
76 -196 67 -176 50 -182 114 -158 
T 13433600 ps
98 -176 98 -177 83 -166 36 -178 
T 13436800 ps
61 -146 87 -142 96 -152 65 -180 
T 13440 ns
63 -177 73 -146 67 -182 78 -175 
T 13443200 ps
53 -185 86 -181 67 -165 46 -165 
T 13446400 ps
85 -183 107 -165 85 -180 84 -209 
T 13449600 ps
97 -194 76 -155 63 -137 82 -154 
T 13452800 ps
80 -216 78 -186 87 -192 52 -159 
T 13456 ns
84 -167 91 -200 131 -200 74 -231 
T 13459200 ps
94 -209 129 -187 67 -168 82 -168 
T 13462400 ps
78 -165 70 -191 70 -165 62 -191 
T 13465600 ps
83 -143 90 -199 110 -197 59 -216 
T 13468800 ps
87 -232 109 -176 77 -183 76 -220 
T 13472 ns
75 -219 111 -226 79 -166 96 -210 
T 13475200 ps
82 -191 86 -189 88 -177 142 -207 
T 13478400 ps
86 -216 121 -209 99 -214 43 -213 
T 13481600 ps
119 -212 92 -185 92 -173 98 -226 
T 13484800 ps
80 -211 126 -216 109 -235 70 -206 
T 13488 ns
38 -170 108 -240 79 -235 83 -214 
T 13491200 ps
114 -188 76 -201 104 -222 29 -228 
T 13494400 ps
64 -204 146 -215 95 -209 96 -271 
T 13497600 ps
97 -246 113 -255 75 -264 42 -261 
T 13500800 ps
78 -227 89 -200 96 -247 134 -245 
T 13504 ns
137 -277 110 -235 99 -242 77 -230 
T 13507200 ps
75 -235 103 -241 86 -247 93 -264 
T 13510400 ps
117 -275 118 -213 107 -230 50 -251 
T 13513600 ps
89 -266 59 -216 107 -222 43 -236 
T 13516800 ps
126 -271 80 -285 72 -253 74 -270 
T 13520 ns
108 -290 132 -261 127 -227 78 -245 
T 13523200 ps
122 -281 129 -272 94 -297 89 -306 
T 13526400 ps
126 -273 110 -291 134 -254 120 -263 
T 13529600 ps
104 -289 111 -263 150 -282 84 -331 
T 13532800 ps
137 -315 141 -309 149 -296 126 -288 
T 13536 ns
134 -291 129 -312 126 -290 81 -327 
T 13539200 ps
111 -308 142 -296 121 -323 111 -345 
T 13542400 ps
150 -371 83 -295 147 -287 125 -321 
T 13545600 ps
146 -340 158 -335 140 -345 155 -367 
T 13548800 ps
118 -323 202 -366 182 -372 155 -348 
T 13552 ns
123 -321 159 -336 238 -369 212 -381 
T 13555200 ps
166 -375 196 -431 182 -378 164 -370 
T 13558400 ps
213 -368 230 -390 234 -391 271 -391 
T 13561600 ps
226 -448 272 -477 312 -494 240 -485 
T 13564800 ps
317 -517 384 -543 405 -572 467 -657 
T 13568 ns
548 -662 575 -823 861 -921 1207 -1290 
T 13571200 ps
2755 -2469 -9124 7100 -1573 1026 -836 368 
T 13574400 ps
-519 150 -322 136 -282 -11 -272 -74 
T 13577600 ps
-170 -101 -153 -150 -118 -183 -103 -201 
T 13580800 ps
-48 -211 -36 -178 -31 -249 -103 -267 
T 13584 ns
-10 -266 -13 -247 13 -267 14 -289 
T 13587200 ps
-12 -281 63 -299 67 -380 -26 -292 
T 13590400 ps
26 -294 21 -317 30 -328 62 -336 
T 13593600 ps
22 -344 36 -311 67 -356 -77 -354 
T 13596800 ps
27 -351 78 -386 43 -382 53 -380 
T 13600 ns
65 -409 87 -354 65 -387 -29 -451 
T 13603200 ps
18 -383 70 -394 32 -413 61 -401 
T 13606400 ps
85 -413 90 -407 92 -401 39 -427 
T 13609600 ps
100 -433 85 -399 103 -414 111 -473 
T 13612800 ps
110 -416 151 -459 122 -474 131 -501 
T 13616 ns
77 -481 80 -517 149 -481 90 -475 
T 13619200 ps
107 -497 119 -465 94 -475 52 -526 
T 13622400 ps
110 -466 83 -518 149 -501 120 -537 
T 13625600 ps
119 -524 182 -497 131 -575 66 -560 
T 13628800 ps
108 -556 129 -530 126 -575 136 -593 
T 13632 ns
167 -572 160 -574 138 -576 48 -628 
T 13635200 ps
131 -603 121 -600 173 -635 132 -628 
T 13638400 ps
133 -638 197 -612 115 -644 58 -675 
T 13641600 ps
136 -678 153 -637 157 -694 171 -646 
T 13644800 ps
130 -699 140 -746 238 -645 104 -705 
T 13648 ns
194 -731 168 -707 200 -730 155 -765 
T 13651200 ps
176 -775 210 -784 174 -781 118 -814 
T 13654400 ps
216 -792 176 -765 262 -866 220 -869 
T 13657600 ps
230 -873 237 -872 226 -892 98 -896 
T 13660800 ps
249 -891 221 -945 248 -941 274 -955 
T 13664 ns
251 -1001 281 -928 266 -1023 164 -1015 
T 13667200 ps
218 -1015 269 -1027 307 -1071 219 -1083 
T 13670400 ps
311 -1108 320 -1150 320 -1154 97 -1133 
T 13673600 ps
297 -1177 258 -1150 320 -1205 282 -1264 
T 13676800 ps
323 -1313 363 -1301 346 -1348 208 -1393 
T 13680 ns
331 -1406 344 -1375 400 -1455 334 -1445 
T 13683200 ps
409 -1521 462 -1540 371 -1624 255 -1680 
T 13686400 ps
447 -1672 460 -1650 484 -1785 458 -1816 
T 13689600 ps
462 -1869 547 -1890 531 -1988 314 -2062 
T 13692800 ps
556 -2082 545 -2142 630 -2266 568 -2297 
T 13696 ns
609 -2391 707 -2387 648 -2587 479 -2654 
T 13699200 ps
755 -2742 728 -2843 808 -3027 836 -3101 
T 13702400 ps
868 -3283 931 -3357 906 -3615 635 -3839 
T 13705600 ps
1101 -4031 1072 -4211 1210 -4504 1197 -4721 
T 13708800 ps
1352 -5141 1553 -5428 1615 -5997 1146 -6613 
T 13712 ns
1931 -7089 2024 -7787 2369 -8800 2703 -9909 
T 13715200 ps
3138 -11579 3974 -13386 4548 -16663 3932 -21565 
T 13718400 ps
8113 -29656 12672 17642 27045 -1145 -3162 -26213 
T 13721600 ps
-15082 -10946 -9395 31433 -6294 22668 -3371 17778 
T 13724800 ps
-4036 14410 -3275 12023 -2999 10545 -2589 9189 
T 13728 ns
-2369 8328 -2253 7356 -1935 6834 -1246 6446 
T 13731200 ps
-1708 5879 -1504 5440 -1513 5169 -1357 4768 
T 13734400 ps
-1337 4583 -1353 4279 -1228 4146 -843 3982 
T 13737600 ps
-1120 3763 -996 3549 -1054 3432 -975 3229 
T 13740800 ps
-975 3200 -981 3033 -917 2984 -631 2893 
T 13744 ns
-845 2779 -770 2675 -831 2629 -707 2520 
T 13747200 ps
-721 2438 -769 2370 -728 2294 -485 2300 
T 13750400 ps
-707 2199 -634 2155 -636 2113 -665 2047 
T 13753600 ps
-665 2000 -655 1945 -602 1932 -478 1907 
T 13756800 ps
-582 1879 -563 1828 -603 1786 -574 1762 
T 13760 ns
-553 1730 -554 1684 -570 1708 -433 1663 
T 13763200 ps
-568 1644 -524 1617 -533 1575 -554 1548 
T 13766400 ps
-535 1514 -518 1526 -463 1537 -429 1433 
T 13769600 ps
-508 1430 -497 1410 -504 1373 -470 1400 
T 13772800 ps
-483 1382 -508 1320 -487 1326 -376 1325 
T 13776 ns
-470 1317 -445 1295 -470 1257 -459 1238 
T 13779200 ps
-529 1249 -496 1157 -450 1228 -385 1176 
T 13782400 ps
-470 1195 -431 1180 -474 1162 -464 1156 
T 13785600 ps
-494 1166 -500 1161 -466 1119 -360 1114 
T 13788800 ps
-479 1086 -474 1134 -478 1090 -483 1067 
T 13792 ns
-521 1020 15710 5830 -9750 1777 -593 1078 
T 13795200 ps
-311 1005 -399 1032 -437 1047 -422 1010 
T 13798400 ps
-458 1010 -443 958 -457 966 -411 1014 
T 13801600 ps
-471 1008 -429 1018 -491 962 -437 905 
T 13804800 ps
-460 964 -487 939 -491 956 -437 967 
T 13808 ns
-507 970 -495 942 -536 942 -533 960 
T 13811200 ps
-485 933 -481 869 -521 939 -446 891 
T 13814400 ps
-517 935 -530 917 -575 899 -517 913 
T 13817600 ps
-598 911 -534 878 -564 907 -518 931 
T 13820800 ps
-570 898 -546 923 -632 873 -556 892 
T 13824 ns
-581 890 -578 868 -594 905 -612 897 
T 13827200 ps
-638 886 -606 934 -654 876 -618 915 
T 13830400 ps
-692 914 -671 857 -660 901 -663 878 
T 13833600 ps
-768 901 -735 940 -741 919 -717 930 
T 13836800 ps
-765 916 -787 882 -860 943 -799 878 
T 13840 ns
-851 931 -838 977 -871 961 -939 921 
T 13843200 ps
-914 913 -981 937 -1038 971 -973 947 
T 13846400 ps
-1072 969 -1060 1010 -1170 1035 -1205 1001 
T 13849600 ps
-1240 1022 -1302 1026 -1361 1059 -1366 1082 
T 13852800 ps
-1488 1098 -1502 1183 -1642 1121 -1719 1204 
T 13856 ns
-1834 1262 -1923 1249 -2080 1310 -2184 1324 
T 13859200 ps
-2398 1433 -2538 1572 -2859 1552 -3070 1729 
T 13862400 ps
-3525 1859 -3971 1932 -4624 2207 -5433 2353 
T 13865600 ps
-6726 2956 -8377 4052 -12320 4953 -20749 8185 
T 13868800 ps
-9652 27582 -18109 -16311 18202 -6029 11163 -3153 
T 13872 ns
8149 -2325 6137 -2091 5226 -1330 4340 -1109 
T 13875200 ps
3844 -848 3275 -671 3003 -547 2755 -383 
T 13878400 ps
2529 -346 2229 -439 2132 -267 1947 -234 
T 13881600 ps
1863 -161 1743 -140 1638 -93 1615 -26 
T 13884800 ps
1497 -62 1363 -66 1344 60 1199 22 
T 13888 ns
1217 73 1145 91 1134 95 1067 171 
T 13891200 ps
1037 93 988 105 990 129 915 125 
T 13894400 ps
881 163 868 124 841 185 818 218 
T 13897600 ps
809 219 801 159 804 217 716 202 
T 13900800 ps
753 217 688 210 713 226 692 248 
T 13904 ns
680 229 626 167 654 229 627 216 
T 13907200 ps
599 250 609 243 570 228 597 286 
T 13910400 ps
517 285 514 232 578 293 555 217 
T 13913600 ps
521 307 502 261 529 273 508 315 
T 13916800 ps
496 265 487 261 503 317 498 302 
T 13920 ns
453 318 444 257 460 272 423 292 
T 13923200 ps
444 301 433 294 399 319 414 320 
T 13926400 ps
418 303 399 291 455 320 422 348 
T 13929600 ps
400 315 444 330 366 355 371 301 
T 13932800 ps
406 292 397 314 347 306 338 334 
T 13936 ns
349 302 357 281 352 329 354 328 
T 13939200 ps
335 314 347 308 342 287 295 339 
T 13942400 ps
350 340 259 344 365 292 312 321 
T 13945600 ps
323 300 295 353 327 322 325 346 
T 13948800 ps
343 342 310 313 342 351 285 366 
T 13952 ns
328 364 253 327 320 300 256 326 
T 13955200 ps
270 335 287 319 291 339 265 371 
T 13958400 ps
316 355 272 337 293 364 253 323 
T 13961600 ps
298 338 251 337 174 306 295 356 
T 13964800 ps
294 351 251 371 247 313 268 363 
T 13968 ns
236 371 240 320 248 339 264 366 
T 13971200 ps
244 391 246 337 245 320 280 337 
T 13974400 ps
210 372 248 355 280 357 245 369 
T 13977600 ps
214 382 242 349 241 339 201 361 
T 13980800 ps
229 393 234 348 229 369 261 381 
T 13984 ns
249 374 204 369 218 361 210 382 
T 13987200 ps
191 345 252 353 189 349 192 372 
T 13990400 ps
197 364 221 418 228 371 183 353 
T 13993600 ps
204 416 211 359 211 368 216 359 
T 13996800 ps
208 385 181 376 212 342 198 331 
T 14 us
233 351 204 362 207 395 179 377 
T 14003200 ps
219 381 201 351 234 335 171 416 
T 14006400 ps
225 369 166 361 175 387 240 360 
T 14009600 ps
210 367 209 382 87 458 167 346 
T 14012800 ps
197 374 197 386 177 388 232 411 
T 14016 ns
223 398 218 369 451 103 106 504 
T 14019200 ps
147 453 172 453 162 420 197 392 
T 14022400 ps
192 434 184 409 196 437 94 433 
T 14025600 ps
129 433 177 409 178 471 175 474 
T 14028800 ps
195 458 160 462 170 456 116 442 
T 14032 ns
213 441 166 437 197 452 152 430 
T 14035200 ps
200 435 205 431 183 434 130 406 
T 14038400 ps
184 487 178 471 157 473 129 469 
T 14041600 ps
140 510 175 479 164 443 64 472 
T 14044800 ps
138 526 179 529 123 515 157 478 
T 14048 ns
153 472 154 486 170 536 76 531 
T 14051200 ps
131 536 144 536 152 520 139 555 
T 14054400 ps
98 514 106 533 106 576 43 567 
T 14057600 ps
158 585 139 601 142 510 148 543 
T 14060800 ps
135 604 113 626 140 615 -2 583 
T 14064 ns
121 599 83 607 78 638 82 652 
T 14067200 ps
90 662 68 642 95 715 -54 680 
T 14070400 ps
36 731 99 741 61 782 49 759 
T 14073600 ps
53 832 20 806 53 863 -185 812 
T 14076800 ps
11 941 15 950 -30 1050 -67 1007 
T 14080 ns
-61 1084 -54 1095 -60 1232 -428 1186 
T 14083200 ps
-117 1372 -134 1418 -189 1584 -241 1701 
T 14086400 ps
-280 1952 -400 2179 -545 2627 -1726 2836 
T 14089600 ps
-986 4177 -1448 5892 -3241 11142 27933 -10844 
T 14092800 ps
4361 -12870 2273 -5778 1521 -3789 2292 -2321 
T 14096 ns
969 -2116 824 -1701 783 -1397 700 -1121 
T 14099200 ps
626 -1039 617 -908 594 -790 897 -550 
T 14102400 ps
510 -592 482 -531 490 -479 469 -446 
T 14105600 ps
446 -374 406 -338 424 -293 621 -189 
T 14108800 ps
398 -266 401 -204 409 -172 382 -154 
T 14112 ns
386 -140 384 -126 323 -151 522 -18 
T 14115200 ps
332 -123 357 -103 343 -27 382 -27 
T 14118400 ps
314 -20 359 -20 323 -14 424 48 
T 14121600 ps
334 33 324 58 349 71 383 43 
T 14124800 ps
330 41 321 76 354 84 424 111 
T 14128 ns
309 96 349 96 286 115 337 94 
T 14131200 ps
281 152 318 111 334 96 419 167 
T 14134400 ps
348 144 346 136 273 185 355 160 
T 14137600 ps
242 114 339 104 359 169 419 154 
T 14140800 ps
285 142 286 219 266 195 346 189 
T 14144 ns
298 243 347 183 307 221 409 271 
T 14147200 ps
279 241 313 239 299 297 363 227 
T 14150400 ps
320 171 374 234 340 242 373 263 
T 14153600 ps
291 217 338 290 257 356 379 278 
T 14156800 ps
226 343 383 246 372 313 412 287 
T 14160 ns
317 347 320 494 337 511 443 481 
T 14163200 ps
TLAST
331 393 522 287 477 511 406 250 
