T 26880 ns
-53 -215 -36 -164 -72 -218 -35 -161 
T 26883200 ps
-22 -199 -53 -191 -57 -232 -55 -194 
T 26886400 ps
-66 -185 -70 -177 -49 -204 -56 -198 
T 26889600 ps
-52 -213 -24 -156 -22 -196 -55 -159 
T 26892800 ps
-61 -180 -40 -204 -22 -204 -3 -209 
T 26896 ns
-61 -188 -72 -147 -33 -199 -75 -164 
T 26899200 ps
-41 -204 -40 -168 -44 -186 -38 -196 
T 26902400 ps
-47 -187 -56 -190 -77 -184 -21 -153 
T 26905600 ps
-58 -187 -31 -151 -38 -181 -57 -192 
T 26908800 ps
-37 -130 -59 -222 -14 -166 -51 -173 
T 26912 ns
-26 -149 -32 -189 -44 -199 -27 -180 
T 26915200 ps
3 -203 -33 -191 -75 -197 -54 -195 
T 26918400 ps
-43 -191 -52 -151 -51 -174 -70 -143 
T 26921600 ps
-59 -186 -49 -173 -27 -195 -82 -132 
T 26924800 ps
-27 -149 -22 -179 -43 -168 -61 -148 
T 26928 ns
-54 -181 -40 -171 -45 -193 -32 -148 
T 26931200 ps
-82 -177 -53 -183 -48 -170 -47 -204 
T 26934400 ps
-53 -186 -61 -212 -50 -151 -8 -158 
T 26937600 ps
-50 -160 -30 -174 -47 -145 -66 -169 
T 26940800 ps
-25 -182 -30 -155 -57 -190 -54 -145 
T 26944 ns
-48 -197 -48 -157 -62 -185 -5 -135 
T 26947200 ps
-39 -167 -58 -166 -18 -183 -6 -151 
T 26950400 ps
-3 -152 -45 -156 -35 -166 -23 -140 
T 26953600 ps
-19 -171 -52 -155 -96 -157 -72 -168 
T 26956800 ps
-49 -128 6 -155 -43 -147 -17 -154 
T 26960 ns
-47 -191 -38 -176 -61 -152 -34 -153 
T 26963200 ps
-50 -152 -17 -170 -50 -170 -58 -158 
T 26966400 ps
-44 -172 -26 -183 -17 -160 -66 -162 
T 26969600 ps
-35 -140 -59 -154 -36 -192 -25 -188 
T 26972800 ps
-59 -157 -57 -150 -37 -188 -42 -177 
T 26976 ns
-47 -169 -24 -135 -83 -149 -38 -135 
T 26979200 ps
-53 -155 -35 -159 -11 -124 -18 -173 
T 26982400 ps
-1 -140 -10 -131 -15 -153 -44 -166 
T 26985600 ps
-52 -140 -16 -174 -33 -144 -46 -149 
T 26988800 ps
6 -123 -31 -142 -19 -136 -6 -169 
T 26992 ns
-48 -153 13 -99 -59 -94 14 -156 
T 26995200 ps
-18 -199 -22 -159 -14 -125 -32 -155 
T 26998400 ps
-49 -129 -36 -157 -32 -145 -17 -148 
T 27001600 ps
-41 -168 21 -142 -45 -133 -54 -120 
T 27004800 ps
-31 -143 -37 -156 -61 -152 -32 -162 
T 27008 ns
-42 -155 -30 -155 -38 -141 -12 -157 
T 27011200 ps
-38 -174 -9 -139 -65 -158 -43 -143 
T 27014400 ps
-29 -150 -4 -163 -24 -145 -40 -132 
T 27017600 ps
-42 -115 -10 -144 -45 -163 -68 -138 
T 27020800 ps
-12 -130 18 -140 -27 -141 -25 -146 
T 27024 ns
2 -136 -34 -137 -30 -170 -41 -152 
T 27027200 ps
-14 -144 4 -143 -35 -163 -34 -155 
T 27030400 ps
-9 -132 -15 -161 5 -134 -78 -153 
T 27033600 ps
8 -181 5 -122 -12 -179 -60 -115 
T 27036800 ps
-7 -141 0 -159 -23 -140 -19 -140 
T 27040 ns
-35 -187 -15 -117 -18 -153 -81 -112 
T 27043200 ps
-27 -135 -32 -103 -25 -144 10 -147 
T 27046400 ps
-63 -140 -27 -152 -39 -152 -5 -126 
T 27049600 ps
-34 -97 -42 -83 -10 -143 -24 -130 
T 27052800 ps
-2 -130 8 -127 -17 -141 -4 -121 
T 27056 ns
-2 -141 -41 -136 -16 -149 -41 -92 
T 27059200 ps
-36 -151 -78 -131 14 -94 -18 -91 
T 27062400 ps
-22 -121 7 -167 -18 -106 -14 -101 
T 27065600 ps
-33 -137 -21 -147 9 -116 6 -134 
T 27068800 ps
-70 -121 -25 -150 -30 -142 -11 -113 
T 27072 ns
-1 -162 14 -106 -25 -89 1 -113 
T 27075200 ps
-16 -137 -17 -123 1 -145 -31 -99 
T 27078400 ps
-40 -136 -18 -111 -18 -87 -19 -157 
T 27081600 ps
-24 -95 -10 -132 -6 -90 -33 -82 
T 27084800 ps
-13 -135 -15 -140 8 -115 -54 -101 
T 27088 ns
-24 -77 -22 -133 -52 -152 -36 -130 
T 27091200 ps
-43 -134 -18 -88 -30 -141 -33 -95 
T 27094400 ps
-48 -134 -2 -111 -8 -150 -46 -127 
T 27097600 ps
-25 -77 -8 -99 -15 -118 -51 -167 
T 27100800 ps
-48 -124 51 -33 3 -71 11 -134 
T 27104 ns
-43 -91 -42 -108 43 -94 -8 -130 
T 27107200 ps
-7 -128 144 -210 -20 -111 6 -110 
T 27110400 ps
-20 -77 21 -118 -20 -133 11 -117 
T 27113600 ps
-34 -143 -28 -122 -7 -137 -5 -133 
T 27116800 ps
-14 -106 11 -113 -17 -141 36 -93 
T 27120 ns
30 -91 -11 -109 -29 -100 -2 -68 
T 27123200 ps
-6 -102 1 -187 -22 -116 -44 -70 
T 27126400 ps
-54 -112 -44 -127 -33 -90 -1 -114 
T 27129600 ps
-9 -85 -26 -64 -17 -104 -1 -116 
T 27132800 ps
-19 -85 -11 -94 -29 -115 11 -67 
T 27136 ns
-16 -121 -14 -88 -18 -117 -13 -87 
T 27139200 ps
-1 -103 -34 -131 -24 -95 -39 -85 
T 27142400 ps
0 -99 -29 -105 -39 -102 -9 -97 
T 27145600 ps
10 -120 21 -75 -12 -96 -25 -105 
T 27148800 ps
-31 -123 -18 -89 -19 -115 -6 -79 
T 27152 ns
19 -97 -7 -121 -26 -113 0 -94 
T 27155200 ps
-42 -42 45 -210 21 -111 -14 -97 
T 27158400 ps
-19 -118 -12 -109 -33 -93 -48 -84 
T 27161600 ps
10 -116 1 -134 -14 -113 46 -63 
T 27164800 ps
13 -92 -20 -80 28 -96 -14 -98 
T 27168 ns
-9 -95 63 -122 -11 -109 -4 -52 
T 27171200 ps
-15 -82 19 -116 37 -116 -22 -77 
T 27174400 ps
22 -116 53 -65 -43 -94 -37 -78 
T 27177600 ps
-18 -109 14 -74 2 -79 -24 -63 
T 27180800 ps
-30 -89 22 -93 2 -82 -25 -125 
T 27184 ns
-20 -69 -6 -70 -20 -101 -38 -52 
T 27187200 ps
0 -70 -10 -93 -48 -128 -18 -83 
T 27190400 ps
10 -69 -1 -42 4 -76 0 -52 
T 27193600 ps
-11 -39 17 -109 -8 -93 -12 -53 
T 27196800 ps
-7 -69 -25 -78 -30 -57 -22 -65 
T 27200 ns
14 -69 -1 -55 9 -85 -21 -91 
T 27203200 ps
-21 -96 24 -78 -14 -72 33 -55 
T 27206400 ps
5 -35 -8 -58 12 -35 56 -42 
T 27209600 ps
-5 -75 15 -33 2 -50 -38 -51 
T 27212800 ps
-37 -56 6 -41 -4 -37 8 -63 
T 27216 ns
5 -63 -64 -64 -31 -72 43 -22 
T 27219200 ps
-3 -2 38 -68 14 -65 -24 -66 
T 27222400 ps
14 -37 29 -44 -41 -52 12 -24 
T 27225600 ps
-22 -56 31 -60 8 -66 -2 -25 
T 27228800 ps
-11 -43 -69 -53 -30 -57 11 -28 
T 27232 ns
-3 -44 -26 -49 -32 -45 16 -49 
T 27235200 ps
0 -67 -19 -57 -22 -7 -39 -31 
T 27238400 ps
-9 -53 24 -5 -6 -46 -1 -33 
T 27241600 ps
12 -9 1 -30 -15 -1 -8 -35 
T 27244800 ps
-25 -69 2 -39 -1 -30 -1 -33 
T 27248 ns
-22 -13 -78 -86 -106 -17 60 -81 
T 27251200 ps
43 -92 2 -30 -9229 -781 -29656 13895 
T 27254400 ps
26 -36 17 29 46 -12 -63 -72 
T 27257600 ps
20 -32 -13 -27 15 -17 29 -19 
T 27260800 ps
-17 -34 -17 -38 11 -30 8 -64 
T 27264 ns
-2 -1 16 -18 -29 25 17 -20 
T 27267200 ps
-23 -9 -3 -45 0 -28 -11 10 
T 27270400 ps
40 -33 28 -3 22 22 -31 -9 
T 27273600 ps
19 24 -25 21 -19 -26 -5 15 
T 27276800 ps
-19 -5 20 -7 -27 29 17 24 
T 27280 ns
11 18 -3 32 -28 6 17 10 
T 27283200 ps
-39 7 32 29 -24 17 -19 49 
T 27286400 ps
11 0 -25 5 -22 58 -6 27 
T 27289600 ps
16 21 -1 38 29 60 8 44 
T 27292800 ps
-29 64 28 16 4 40 -15 11 
T 27296 ns
-28 62 16 21 -17 29 28 62 
T 27299200 ps
-25 96 58 42 11 65 -9 81 
T 27302400 ps
-20 94 15 42 -8 87 10 92 
T 27305600 ps
-25 86 -14 88 -21 102 6 89 
T 27308800 ps
-22 129 47 133 -14 143 -31 90 
T 27312 ns
-21 97 16 139 -8 130 -15 136 
T 27315200 ps
-12 175 53 146 -22 154 24 170 
T 27318400 ps
-12 178 28 193 -28 217 0 230 
T 27321600 ps
-1 264 24 256 18 224 33 205 
T 27324800 ps
-25 270 1780 -5794 -9244 931 -61 288 
T 27328 ns
-25 283 -13 330 -27 355 -18 318 
T 27331200 ps
50 368 -9 378 -33 420 -7 476 
T 27334400 ps
-23 500 75 508 -19 562 -9 591 
T 27337600 ps
-18 636 13 667 -7 724 29 787 
T 27340800 ps
-35 902 85 940 -58 1064 33 1146 
T 27344 ns
-13 1323 -29 1487 -51 1787 -82 2087 
T 27347200 ps
-59 2653 168 3385 -115 4823 -137 7989 
T 27350400 ps
-652 24311 752 -25098 226 -8483 244 -5037 
T 27353600 ps
118 -3694 -114 -2867 64 -2387 14 -1982 
T 27356800 ps
63 -1762 42 -1544 46 -1463 26 -1297 
T 27360 ns
34 -1244 -62 -1102 38 -1040 2 -975 
T 27363200 ps
70 -950 9 -891 36 -869 67 -808 
T 27366400 ps
2 -739 1 -702 7 -747 5 -662 
T 27369600 ps
27 -662 -21 -614 24 -619 55 -556 
T 27372800 ps
23 -557 -10 -523 31 -537 11 -537 
T 27376 ns
-14 -565 15 -479 -34 -521 25 -483 
T 27379200 ps
14 -475 8 -496 42 -465 -21 -415 
T 27382400 ps
-36 -420 54 -454 19 -427 20 -374 
T 27385600 ps
-18 -432 -18 -387 12 -395 -7 -374 
T 27388800 ps
-14 -388 15 -405 0 -390 34 -352 
T 27392 ns
38 -323 -4 -362 7 -408 -22 -349 
T 27395200 ps
-17 -359 -5 -398 -24 -375 -45 -335 
T 27398400 ps
-310 -528 151 -290 74 -265 7 -305 
T 27401600 ps
54 -300 65 -329 48 -321 75 -269 
T 27404800 ps
109 -289 -71 -287 -20 -314 16 -285 
T 27408 ns
20 -274 65 -277 -1 -287 27 -301 
T 27411200 ps
57 -298 45 -345 22 -283 19 -282 
T 27414400 ps
43 -281 11 -234 16 -301 15 -286 
T 27417600 ps
51 -254 35 -272 48 -252 31 -248 
T 27420800 ps
39 -219 17 -269 40 -277 31 -281 
T 27424 ns
39 -289 18 -263 -28 -257 7 -273 
T 27427200 ps
13 -221 34 -212 21 -249 16 -244 
T 27430400 ps
23 -215 -29 -201 -14 -199 -28 -220 
T 27433600 ps
47 -225 40 -260 15 -256 30 -212 
T 27436800 ps
38 -255 36 -251 -6 -257 9 -218 
T 27440 ns
-3 -244 -1 -231 10 -240 25 -196 
T 27443200 ps
39 -231 -22 -246 46 -231 -3 -205 
T 27446400 ps
107 -251 10 -197 -1 -267 26 -197 
T 27449600 ps
-26 -223 7 -191 9 -215 4 -222 
T 27452800 ps
45 -236 10 -255 -18 -224 47 -222 
T 27456 ns
-2 -227 -1 -224 1 -199 36 -222 
T 27459200 ps
0 -193 -11 -219 -1 -224 6 -218 
T 27462400 ps
12 -241 -32 -214 44 -185 19 -171 
T 27465600 ps
40 -212 61 -242 33 -234 20 -168 
T 27468800 ps
13 -222 43 -197 -2 -215 6 -196 
T 27472 ns
17 -184 -9 -196 22 -209 -13 -183 
T 27475200 ps
18 -220 33 -192 31 -196 10 -181 
T 27478400 ps
-3 -176 -23 -171 41 -194 65 -186 
T 27481600 ps
19 -210 28 -187 48 -209 43 -186 
T 27484800 ps
26 -230 25 -181 16 -156 34 -174 
T 27488 ns
-8 -165 27 -157 19 -211 -7 -171 
T 27491200 ps
22 -185 4 -169 37 -196 31 -207 
T 27494400 ps
16 -160 9 -205 14 -180 39 -196 
T 27497600 ps
20 -185 3 -177 19 -173 -6 -171 
T 27500800 ps
-20 -187 16 -166 6 -155 50 -214 
T 27504 ns
32 -173 6 -203 -1 -184 18 -165 
T 27507200 ps
6 -198 18 -203 42 -149 -7 -141 
T 27510400 ps
30 -144 14 -189 39 -179 1 -171 
T 27513600 ps
23 -133 24 -204 -19 -165 9 -161 
T 27516800 ps
63 -170 20 -179 -8 -185 34 -184 
T 27520 ns
19 -177 12 -163 21 -189 32 -156 
T 27523200 ps
-5 -160 3 -162 22 -179 43 -197 
T 27526400 ps
14 -170 29 -137 31 -192 32 -167 
T 27529600 ps
22 -155 43 -158 40 -158 20 -143 
T 27532800 ps
25 -141 -10 -172 49 -177 23 -161 
T 27536 ns
17 -161 23 -157 46 -161 5 -186 
T 27539200 ps
13 -139 -4 -157 11 -175 -12 -178 
T 27542400 ps
12 -181 15 -140 -3 -140 33 -150 
T 27545600 ps
23 -192 3 -176 -29 -152 0 -167 
T 27548800 ps
45 -160 -22 -137 25 -165 28 -132 
T 27552 ns
53 -163 32 -155 94 -198 25 -146 
T 27555200 ps
8 -142 -4 -165 52 -153 6 -185 
T 27558400 ps
17 -193 13 -155 46 -143 -15 -184 
T 27561600 ps
-5 -128 24 -212 -8 -174 30 -162 
T 27564800 ps
23 -169 4 -119 7 -148 14 -160 
T 27568 ns
8 -161 23 -151 15 -194 12 -146 
T 27571200 ps
40 -131 20 -171 23 -163 29 -161 
T 27574400 ps
14 -148 17 -185 -18 -149 48 -162 
T 27577600 ps
60 -182 13 -169 21 -179 41 -154 
T 27580800 ps
23 -140 18 -138 34 -166 18 -151 
T 27584 ns
25 -174 30 -162 44 -146 29 -129 
T 27587200 ps
32 -170 48 -179 40 -136 -19 -151 
T 27590400 ps
34 -163 33 -167 22 -170 -12 -143 
T 27593600 ps
-9 -174 13 -166 26 -181 4 -147 
T 27596800 ps
19 -169 23 -171 12 -136 14 -114 
T 27600 ns
-26 -130 40 -156 11 -169 42 -170 
T 27603200 ps
28 -183 71 -145 -23 -156 21 -161 
T 27606400 ps
15 -150 -14 -166 43 -145 31 -178 
T 27609600 ps
43 -157 37 -152 58 -148 45 -151 
T 27612800 ps
-1 -136 46 -133 56 -140 -18 -126 
T 27616 ns
11 -156 30 -132 7 -132 5 -169 
T 27619200 ps
-16 -168 4 -133 11 -167 42 -110 
T 27622400 ps
34 -143 -16 -176 21 -150 -23 -138 
T 27625600 ps
45 -154 35 -174 23 -179 44 -153 
T 27628800 ps
3 -154 -2 -131 19 -147 26 -135 
T 27632 ns
28 -173 23 -138 26 -164 13 -128 
T 27635200 ps
34 -118 46 -119 32 -165 41 -138 
T 27638400 ps
28 -136 38 -112 18 -113 51 -125 
T 27641600 ps
-26 -112 7 -148 3 -160 -20 -132 
T 27644800 ps
54 -116 20 -158 13 -131 24 -160 
T 27648 ns
-4 -125 47 -149 19 -193 8 -145 
T 27651200 ps
32 -154 55 -146 51 -126 6 -152 
T 27654400 ps
0 -157 4 -130 29 -137 3 -159 
T 27657600 ps
2 -131 3 -138 12 -152 22 -117 
T 27660800 ps
27 -152 -11 -108 8 -129 41 -116 
T 27664 ns
35 -134 40 -139 30 -166 5 -131 
T 27667200 ps
4 -140 20 -136 13 -159 19 -114 
T 27670400 ps
38 -126 21 -140 35 -135 65 -170 
T 27673600 ps
1 -176 -2 -151 24 -131 46 -113 
T 27676800 ps
4 -161 65 -139 15 -133 7 -121 
T 27680 ns
15 -149 19 -145 59 -143 27 -109 
T 27683200 ps
10 -141 42 -80 54 -164 9 -185 
T 27686400 ps
11 -181 52 -142 19 -152 33 -164 
T 27689600 ps
44 -119 47 -120 22 -145 28 -155 
T 27692800 ps
45 -135 -8 -110 13 -125 3 -101 
T 27696 ns
TLAST
15 -101 14 -157 11 -137 -10 -114 
