0 0 73 -50 7 85 90 -108 
63 129 -28 -144 28 138 -60 -113 
-92 84 -7 -60 -72 31 -3 6 
74 -43 7 65 88 -77 66 92 
-28 -109 27 114 -57 -103 -94 91 
-7 -83 -71 67 -6 -35 75 -3 
7 35 86 -61 69 93 -28 -126 
27 144 -54 -139 -96 124 -7 -108 
-69 80 -10 -35 75 -16 8 57 
83 -86 72 113 -28 -136 26 142 
-51 -126 -98 102 -8 -81 -68 58 
-13 -22 76 -16 8 43 81 -59 
75 77 -28 -99 26 112 -48 -109 
-99 101 -8 -97 -67 88 -16 -62 
77 25 9 7 79 -35 78 69 
-28 -108 25 136 -45 -142 -101 135 
-9 -125 -65 106 -20 -68 77 17 
10 27 76 -60 80 91 -27 -122 
24 139 -42 -133 -102 115 -10 -99 
-63 81 -23 -50 77 11 10 19 
74 -38 83 57 -27 -83 23 104 
-38 -108 -104 105 -11 -105 -62 104 
-26 -86 77 53 11 -19 71 -8 
85 41 -26 -84 22 120 -35 -137 
-105 139 -12 -136 -60 127 -29 -97 
77 51 12 -5 69 -31 88 64 
-25 -101 20 128 -32 -133 -106 123 
-13 -111 -58 99 -33 -75 77 38 
13 -5 66 -15 90 35 -24 -63 
19 90 -29 -102 -107 104 -14 -109 
-56 114 -36 -105 77 78 15 -47 
63 19 92 12 -23 -55 18 99 
-26 -125 -108 135 -15 -140 -55 140 
-39 -122 76 82 16 -37 61 0 
94 35 -22 -75 16 111 -23 -126 
-109 124 -17 -118 -53 112 -41 -95 
76 63 17 -30 58 8 96 11 
-21 -40 15 71 -20 -90 -109 98 
-18 -107 -51 118 -44 -119 75 100 
19 -72 56 46 98 -17 -19 -24 
13 71 -17 -107 -110 125 -20 -138 
-49 147 -47 -139 74 109 20 -67 
53 30 100 4 -18 -45 12 87 
-14 -113 -110 119 -21 -118 -47 119 
-50 -111 73 85 22 -54 50 31 
102 -12 -16 -14 10 48 -11 -74 
-110 87 -23 -99 -45 116 -52 -126 
72 116 24 -93 48 71 103 -46 
-14 8 8 40 -8 -83 -110 109 
-25 -128 -43 145 -55 -150 71 130 
25 -94 45 59 104 -26 -12 -13 
6 59 -5 -93 -110 108 -27 -113 
-41 120 -57 -120 70 103 27 -75 
43 52 106 -35 -10 11 5 22 
-3 -53 -110 71 -29 -86 -39 107 
-59 -126 68 126 29 -110 40 92 
107 -73 -8 40 3 7 0 -54 
-109 87 -31 -112 -37 136 -61 -152 
67 144 31 -116 38 85 108 -55 
-6 18 1 28 2 -68 -109 91 
-34 -102 -35 114 -63 -122 65 114 
33 -92 36 71 108 -57 -4 36 
0 -4 4 -29 -108 51 -36 -69 
-33 93 -65 -119 63 129 35 -122 
33 109 109 -96 -1 70 -1 -26 
6 -22 -107 61 -38 -90 -31 121 
-67 -146 61 151 37 -133 31 107 
109 -81 0 49 -3 -4 9 -40 
-106 70 -41 -86 -29 103 -68 -118 
59 120 39 -104 29 87 110 -75 
3 60 -5 -31 11 -3 -105 29 
-43 -48 -27 75 -70 -106 57 126 
41 -127 27 120 110 -113 6 96 
-7 -59 13 10 -104 31 -46 -64 
-25 99 -71 -133 54 150 43 -143 
25 123 110 -103 8 77 -8 -36 
15 -9 -103 44 -48 -66 -23 86 
-72 -108 52 119 45 -111 23 97 
110 -89 11 79 -10 -56 16 23 
-101 4 -51 -25 -22 52 -74 -87 
49 115 47 -126 21 126 110 -125 
14 117 -12 -88 18 44 -100 0 
-53 -35 -20 72 -74 -112 47 141 
49 -145 19 134 110 -120 17 101 
-13 -67 20 21 -98 17 -56 -42 
-18 65 -75 -92 44 111 51 -112 
18 103 109 -98 20 94 -15 -78 
21 48 -96 -20 -59 -1 -17 26 
-76 -63 41 98 53 -118 16 125 
108 -131 23 132 -16 -113 22 75 
-94 -32 -61 -4 -16 42 -76 -86 
38 124 55 -140 15 138 108 -130 
26 119 -18 -93 24 51 -92 -11 
-64 -17 -14 41 -77 -71 35 97 
57 -107 14 104 107 -103 29 104 
-19 -95 25 71 -90 -44 -66 23 
-13 0 -77 -36 32 76 59 -104 
12 118 106 -130 33 139 -21 -132 
26 102 -87 -62 -69 26 -12 10 
-77 -56 29 101 60 -128 11 134 
105 -134 36 131 -22 -114 26 79 
-85 -39 -72 9 -11 15 -77 -46 
26 78 62 -96 10 99 103 -102 
39 109 -23 -108 27 90 -83 -66 
-74 46 -10 -26 -77 -7 22 49 
64 -84 10 105 102 -122 42 140 
-24 -144 28 124 -80 -90 -77 56 
-9 -22 -77 -22 19 72 65 -108 
9 124 101 -131 45 136 -25 -129 
28 102 -77 -65 -79 35 -9 -10 
-76 -19 16 55 67 -80 8 89 
99 -96 48 107 -26 -114 28 105 
-75 -85 -81 67 -8 -50 -76 21 
13 20 68 -59 8 86 97 -108 
52 133 -26 -148 28 140 -72 -113 
-84 83 -8 -53 -75 11 9 39 
70 -83 7 108 96 -122 55 134 
-27 -137 28 120 -69 -88 -86 59 
-7 -35 -75 7 6 28 71 -59 
7 75 94 -85 58 100 -28 -114 
28 114 -66 -99 -88 85 -7 -73 
-74 49 2 -10 72 -31 7 63 
92 -89 61 119 -28 -144 28 148 
-63 -131 -90 106 -7 -81 -73 45 
0 5 73 -54 7 86 90 -106 
64 125 -28 -138 28 131 -60 -107 
-92 80 -7 -59 -72 34 -4 0 
74 -35 7 56 87 -69 67 87 
-28 -108 27 116 -57 -109 -94 99 
-7 -91 -70 75 -7 -40 75 -1 
7 36 85 -65 70 99 -28 -132 
27 149 -54 -142 -96 124 -7 -105 
-69 75 -10 -29 76 -21 8 60 
83 -86 73 110 -28 -131 26 136 
-50 -119 -98 97 -8 -79 -68 59 
-14 -26 76 -9 8 35 81 -51 
75 70 -28 -96 25 112 -47 -113 
-100 107 -8 -105 -66 96 -17 -69 
77 29 9 7 78 -39 78 74 
-28 -114 24 141 -44 -146 -101 136 
-9 -123 -65 102 -20 -63 77 12 
10 30 76 -61 81 89 -27 -117 
24 132 -41 -126 -103 109 -10 -95 
-63 80 -24 -53 77 17 10 11 
73 -29 83 50 -27 -78 22 102 
-38 -111 -104 110 -11 -113 -62 112 
-27 -93 77 58 11 -21 71 -10 
86 46 -26 -89 21 126 -35 -142 
-105 141 -12 -136 -60 123 -30 -92 
77 45 12 0 68 -33 88 64 
-25 -97 20 122 -31 -126 -106 116 
-13 -106 -58 97 -33 -76 77 43 
14 -13 66 -6 91 27 -24 -57 
19 86 -28 -103 -107 108 -14 -115 
-56 122 -36 -113 77 84 15 -50 
63 19 93 15 -23 -60 17 104 
-25 -131 -108 139 -15 -141 -54 138 
-39 -117 76 76 16 -31 60 -4 
95 36 -22 -73 16 105 -22 -120 
-109 116 -17 -111 -52 108 -42 -95 
76 67 18 -37 58 16 97 3 
-21 -32 14 66 -19 -89 -109 100 
-18 -112 -50 125 -45 -126 75 106 
19 -76 55 47 99 -15 -19 -28 
13 77 -16 -113 -110 130 -20 -139 
-48 145 -47 -136 74 103 21 -61 
53 25 100 6 -17 -44 11 83 
-13 -106 -110 111 -22 -111 -46 113 
-50 -108 73 87 22 -59 50 38 
102 -21 -16 -6 10 41 -10 -70 
-110 87 -24 -103 -44 122 -53 -133 
72 123 24 -99 47 73 103 -46 
-14 5 8 45 -7 -88 -110 114 
-26 -131 -42 145 -55 -147 71 125 
26 -88 45 53 105 -22 -12 -14 
6 56 -5 -88 -110 100 -28 -105 
-40 113 -57 -116 69 102 28 -78 
42 58 106 -44 -10 20 4 14 
-2 -48 -110 69 -30 -88 -38 112 
-60 -133 68 133 29 -117 40 96 
107 -74 -8 38 3 11 0 -59 
-109 92 -32 -116 -36 137 -62 -150 
66 140 31 -111 38 79 108 -50 
-6 16 1 26 2 -64 -109 84 
-34 -94 -34 106 -64 -117 64 112 
33 -93 35 76 108 -64 -3 45 
0 -12 4 -22 -108 48 -36 -69 
-32 97 -65 -125 63 137 35 -129 
33 114 109 -98 -1 69 -2 -23 
7 -27 -107 66 -39 -95 -30 123 
-67 -146 61 148 37 -128 31 101 
110 -76 1 46 -4 -4 9 -37 
-106 64 -41 -79 -28 95 -69 -111 
58 116 39 -104 29 89 110 -81 
3 68 -5 -39 11 4 -105 24 
-44 -47 -27 76 -70 -111 56 132 
41 -134 27 126 110 -117 6 97 
-7 -57 13 6 -104 36 -46 -69 
-25 102 -71 -133 54 148 43 -138 
25 117 110 -97 9 73 -9 -35 
15 -8 -102 40 -49 -59 -23 78 
-73 -100 51 113 45 -109 23 99 
110 -93 12 86 -10 -65 17 31 
-101 -1 -51 -22 -21 52 -74 -90 
49 121 47 -133 21 132 110 -129 
15 119 -12 -87 18 40 -99 4 
-54 -40 -20 76 -75 -114 46 140 
49 -141 19 128 110 -113 18 95 
-14 -63 20 21 -98 14 -56 -36 
-18 57 -75 -83 43 104 51 -108 
18 103 109 -101 21 100 -15 -86 
21 57 -96 -27 -59 3 -17 25 
-76 -65 40 103 53 -124 16 132 
108 -136 24 134 -17 -113 23 72 
-94 -27 -62 -10 -15 47 -77 -89 
38 124 55 -137 15 132 108 -124 
27 113 -18 -88 24 50 -92 -12 
-64 -12 -14 34 -77 -62 35 89 
57 -101 13 101 107 -104 30 109 
-19 -103 25 80 -89 -52 -67 28 
-13 -2 -77 -36 31 79 59 -109 
12 124 106 -135 33 143 -21 -133 
26 100 -87 -58 -69 21 -12 15 
-77 -59 28 102 61 -126 11 130 
105 -128 36 124 -22 -108 26 76 
-85 -39 -72 12 -11 9 -77 -38 
25 69 62 -89 10 95 103 -101 
39 111 -23 -114 27 98 -82 -74 
-75 53 -10 -30 -77 -6 22 51 
64 -88 9 111 102 -128 43 144 
-24 -146 28 124 -79 -87 -77 51 
-9 -16 -77 -27 19 74 66 -108 
9 121 100 -126 46 129 -25 -123 
28 98 -77 -63 -79 36 -9 -15 
-76 -12 15 46 67 -72 8 84 
99 -93 49 108 -26 -119 28 112 
-74 -93 -82 75 -8 -56 -76 24 
12 20 69 -63 8 92 97 -114 
52 138 -26 -151 28 141 -71 -111 
-84 79 -8 -47 -75 6 9 43 
70 -84 7 106 95 -117 55 127 
-27 -130 28 114 -68 -85 -86 59 
-7 -39 -74 14 5 20 71 -51 
7 68 93 -80 58 99 -28 -117 
28 120 -65 -107 -89 93 -7 -79 
-74 54 2 -11 72 -33 7 68 
91 -95 61 125 -28 -148 28 150 
-62 -130 -91 103 -7 -76 -73 39 
-1 9 73 -56 7 86 89 -103 
64 119 -28 -130 28 125 -59 -102 
-93 78 -7 -60 -71 39 -4 -6 
74 -26 7 48 87 -63 67 85 
-28 -109 27 121 -56 -116 -95 106 
-7 -98 -70 80 -8 -43 75 -2 
8 40 85 -71 70 105 -28 -137 
27 152 -53 -142 -96 122 -8 -100 
36 114 56 -123 14 116 107 -109 
28 103 -19 -86 24 56 -91 -26 
-65 5 -14 14 -77 -44 33 76 
58 -96 13 105 106 -115 31 125 
-20 -121 25 97 -88 -64 -68 33 
-12 0 -77 -45 30 92 60 -123 
12 135 105 -141 34 142 -21 -127 
26 90 -86 -46 -71 10 -11 21 
-77 -58 27 94 61 -113 11 114 
104 -111 38 111 -22 -102 27 78 
-83 -49 -73 28 -10 -10 -77 -18 
24 53 63 -80 10 95 103 -108 
41 125 -23 -132 27 116 -81 -88 
-76 61 -10 -31 -77 -11 20 62 
65 -102 9 123 101 -136 44 146 
-24 -142 28 114 -78 -75 -78 39 
-9 -8 -77 -29 17 69 66 -97 
8 106 100 -108 47 113 -25 -112 
28 95 -76 -70 -81 50 -8 -33 
-76 8 14 27 68 -59 8 79 
98 -96 50 119 -26 -135 28 130 
-73 -109 -83 86 -8 -60 -76 21 
10 29 69 -75 7 104 96 -124 
54 142 -27 -149 28 133 -70 -100 
-85 66 -7 -36 -75 1 7 41 
70 -76 7 92 94 -100 57 110 
-27 -117 28 108 -67 -87 -87 68 
-7 -55 -74 34 4 0 72 -35 
7 59 92 -79 60 106 -28 -130 
28 137 -64 -124 -90 106 -7 -86 
-73 54 0 -5 73 -44 7 80 
90 -106 63 131 -28 -149 28 145 
-61 -119 -92 90 -7 -63 -72 31 
-2 10 74 -50 7 74 88 -86 
66 100 -28 -114 28 114 -58 -100 
-94 84 -7 -74 -71 58 -6 -27 
75 -8 7 36 86 -59 69 88 
-28 -119 27 136 -55 -133 -95 121 
-7 -108 -70 83 -9 -40 75 -11 
8 52 84 -83 72 113 -28 -140 
26 148 -52 -133 -97 109 -8 -86 
-68 59 -12 -20 76 -22 8 51 
81 -68 74 86 -28 -106 26 115 
-49 -107 -99 95 -8 -89 -67 79 
-16 -53 76 18 9 10 79 -35 
77 65 -28 -102 25 128 -45 -135 
-101 131 -9 -124 -65 108 -19 -72 
77 23 9 21 77 -56 80 90 
-28 -124 24 144 -42 -140 -102 123 
-9 -105 -64 84 -22 -49 77 6 
10 26 74 -47 82 67 -27 -91 
23 108 -39 -109 -103 101 -10 -99 
-62 95 -26 -77 77 45 11 -15 
72 -9 85 39 -26 -78 22 114 
-36 -130 -105 133 -11 -134 -60 127 
-29 -101 77 56 12 -10 69 -26 
87 62 -26 -102 21 132 -33 -140 
-106 130 -12 -118 -59 104 -32 -76 
77 36 13 0 67 -23 90 45 
-25 -72 19 96 -29 -105 -107 103 
-14 -104 -57 106 -35 -96 77 70 
14 -40 64 16 92 11 -24 -51 
18 92 -26 -118 -108 130 -15 -137 
-55 140 -38 -124 76 86 16 -42 
61 5 94 31 -22 -75 16 113 
-23 -132 -108 131 -16 -126 -53 119 
-41 -99 76 63 17 -26 59 0 
96 21 -21 -49 15 79 -20 -95 
-109 99 -18 -103 -51 112 -44 -110 
75 91 18 -64 56 42 98 -16 
-20 -21 13 66 -17 -100 -110 119 
-19 -133 -49 145 -46 -141 75 113 
20 -73 53 36 100 0 -18 -43 
12 89 -14 -117 -110 126 -21 -127 
-47 127 -49 -116 74 87 22 -52 
51 25 101 -3 -16 -24 10 57 
-11 -80 -110 89 -23 -97 -45 111 
-52 -118 72 107 23 -85 48 65 
103 -44 -15 9 9 36 -9 -77 
-110 103 -25 -123 -43 142 -54 -150 
71 133 25 -99 46 65 104 -31 
-13 -10 7 59 -6 -96 -110 114 
-27 -121 -41 128 -56 -126 70 106 
27 -75 43 48 105 -28 -11 2 
5 32 -3 -61 -110 75 -29 -87 
-39 104 -59 -119 68 117 29 -102 
41 85 106 -69 -9 40 3 4 
0 -49 -110 81 -31 -106 -37 133 
-61 -151 67 146 31 -121 38 91 
107 -61 -6 22 2 26 1 -70 
-109 96 -33 -110 -35 123 -63 -130 
65 120 32 -94 36 69 108 -51 
-4 28 0 5 4 -38 -108 58 
-36 -72 -33 92 -65 -114 63 122 
34 -113 34 101 109 -90 -2 68 
-1 -27 6 -18 -108 55 -38 -84 
-31 116 -66 -144 61 152 36 -137 
32 112 109 -88 0 54 -3 -7 
8 -40 -107 73 -40 -93 -29 111 
-68 -127 59 127 38 -108 29 86 
110 -70 2 52 -5 -21 10 -12 
-106 36 -43 -53 -27 75 -70 -103 
57 119 40 -119 27 112 110 -107 
5 92 -6 -59 12 13 -104 25 
-45 -58 -25 94 -71 -130 55 149 
43 -145 25 128 110 -110 8 83 
-8 -41 14 -8 -103 47 -48 -71 
-24 94 -72 -117 52 127 45 -117 
23 99 110 -87 11 73 -10 -47 
16 13 -102 13 -50 -32 -22 55 
-73 -85 50 110 47 -118 22 118 
110 -118 14 112 -11 -87 18 45 
-100 -4 -53 -29 -20 66 -74 -108 
47 139 49 -147 20 138 110 -126 
16 108 -13 -72 19 24 -98 17 
-55 -46 -19 72 -75 -101 44 120 
51 -119 18 107 109 -98 19 90 
-15 -70 21 38 -96 -10 -58 -9 
-17 31 -76 -64 42 95 53 -112 
17 117 109 -123 23 126 -16 -110 
22 75 -94 -35 -61 0 -16 36 
-76 -81 39 121 54 -140 15 141 
108 -136 26 126 -18 -99 23 55 
-92 -12 -63 -19 -15 47 -77 -79 
36 106 56 -115 14 109 107 -105 
29 102 -19 -89 24 62 -90 -34 
-66 14 -13 6 -77 -39 33 75 
58 -99 13 111 106 -122 32 133 
-20 -128 25 101 -88 -64 -68 31 
-12 4 -77 -50 30 97 60 -126 
12 136 105 -139 35 138 -21 -121 
26 84 -86 -42 -71 8 -11 20 
-77 -54 26 87 62 -105 11 106 
104 -106 38 108 -23 -103 27 83 
-83 -56 -74 37 -10 -18 -77 -11 
23 50 63 -80 10 98 102 -115 
41 132 -24 -138 27 121 -80 -91 
-76 60 -10 -27 -77 -16 20 67 
65 -106 9 125 101 -135 45 142 
-25 -136 28 108 -78 -69 -79 36 
-9 -7 -77 -26 17 63 67 -89 
8 98 99 -101 48 109 -25 -112 
28 99 -75 -76 -81 58 -8 -42 
-76 15 13 22 68 -58 8 81 
98 -101 51 125 -26 -142 28 136 
-72 -112 -83 86 -8 -57 -75 17 
10 34 69 -80 7 107 96 -124 
54 139 -27 -144 28 127 -69 -94 
-86 61 -7 -34 -75 2 6 36 
71 -68 7 84 94 -92 57 104 
-27 -114 28 109 -66 -92 -88 76 
-7 -64 -74 42 3 -6 72 -31 
7 59 92 -83 60 112 -28 -137 
28 143 -63 -129 -90 108 -7 -85 
-73 50 0 0 73 -49 7 84 
90 -108 63 129 -28 -144 28 139 
-60 -113 -92 84 -7 -60 -72 31 
-3 7 74 -44 7 66 88 -78 
66 93 -28 -110 27 114 -57 -103 
-94 90 -7 -82 -71 66 -6 -34 
75 -3 7 35 86 -61 69 93 
-28 -126 27 143 -54 -138 -96 124 
-7 -108 -69 81 -10 -35 75 -16 
8 57 83 -86 72 113 -28 -137 
26 143 -51 -127 -98 103 -8 -82 
-68 58 -13 -21 76 -17 8 44 
81 -60 75 78 -28 -100 26 112 
-48 -108 -99 100 -8 -96 -67 87 
-16 -61 77 24 9 8 79 -35 
78 69 -28 -107 25 135 -45 -141 
-101 134 -9 -125 -65 107 -20 -68 
77 17 9 26 76 -59 80 91 
-27 -122 24 140 -42 -134 -102 116 
-10 -99 -64 81 -23 -49 77 10 
10 20 74 -39 83 58 -27 -84 
23 104 -38 -108 -104 105 -10 -105 
-62 103 -26 -85 77 52 11 -19 
71 -8 85 41 -26 -83 22 120 
-35 -137 -105 138 -11 -136 -60 127 
-29 -98 77 51 12 -5 69 -30 
88 64 -25 -101 20 129 -32 -134 
-106 124 -13 -112 -58 99 -32 -75 
77 38 13 -4 66 -16 90 36 
-24 -64 19 90 -29 -102 -107 104 
-14 -108 -56 113 -36 -104 77 77 
15 -46 63 19 92 12 -23 -55 
18 98 -26 -125 -108 135 -15 -140 
-55 140 -38 -122 76 82 16 -37 
61 0 94 35 -22 -75 16 111 
-23 -127 -109 125 -17 -119 -53 113 
-41 -95 76 63 17 -30 58 7 
96 12 -21 -41 15 72 -20 -91 
-109 98 -18 -106 -51 117 -44 -118 
75 99 19 -71 56 46 98 -17 
-19 -23 13 71 -17 -106 -110 125 
-20 -137 -49 147 -47 -140 74 109 
20 -67 53 30 100 4 -18 -45 
12 87 -14 -113 -110 120 -21 -119 
-47 120 -50 -111 73 85 22 -54 
50 30 101 -11 -16 -15 10 49 
-11 -74 -110 87 -23 -99 -45 115 
-52 -125 72 115 24 -92 48 70 
103 -46 -14 8 8 40 -8 -82 
-110 109 -25 -128 -43 145 -55 -150 
71 130 25 -95 45 59 104 -26 
-12 -13 6 59 -5 -94 -110 108 
-27 -114 -41 121 -57 -120 70 103 
27 -75 43 52 105 -34 -10 10 
5 23 -3 -53 -110 71 -29 -86 
-39 107 -59 -125 68 125 29 -109 
40 92 107 -73 -8 40 3 6 
0 -53 -109 87 -31 -112 -37 136 
-61 -152 67 145 31 -117 38 85 
108 -56 -6 18 1 28 2 -69 
-109 92 -34 -103 -35 115 -63 -123 
65 115 33 -92 36 71 108 -56 
-4 35 0 -3 4 -30 -108 52 
-36 -69 -33 93 -65 -118 63 128 
35 -121 33 108 109 -95 -1 70 
-1 -26 6 -22 -107 60 -38 -90 
-31 120 -67 -146 61 151 37 -134 
31 107 109 -82 0 49 -3 -4 
8 -40 -106 70 -41 -87 -29 104 
-68 -119 59 120 39 -105 29 86 
110 -74 3 59 -5 -30 11 -4 
-105 29 -43 -49 -27 75 -70 -105 
57 125 41 -126 27 120 110 -113 
6 96 -7 -59 13 11 -104 30 
-46 -64 -25 98 -71 -133 54 150 
43 -143 25 124 110 -104 8 78 
-8 -37 15 -9 -103 45 -48 -67 
-23 87 -72 -109 52 119 45 -112 
23 97 110 -88 11 78 -10 -55 
16 22 -101 5 -51 -26 -22 52 
-74 -86 49 115 47 -125 21 125 
110 -124 14 117 -12 -88 18 44 
-100 0 -53 -35 -20 72 -74 -112 
47 141 49 -146 19 134 110 -120 
17 102 -13 -67 20 21 -98 17 
-56 -43 -19 66 -75 -93 44 112 
51 -113 18 104 109 -98 20 94 
-15 -77 21 47 -96 -19 -59 -2 
-17 27 -76 -63 41 98 53 -117 
16 124 109 -130 23 131 -16 -113 
22 75 -94 -32 -61 -4 -16 41 
-76 -86 38 124 55 -140 15 138 
108 -131 26 120 -18 -93 23 52 
-92 -11 -64 -17 -14 42 -77 -72 
35 98 57 -108 14 104 107 -103 
29 104 -19 -95 25 70 -90 -43 
-66 22 -13 1 -77 -36 32 76 
59 -103 12 117 106 -129 32 139 
-20 -132 25 102 -88 -63 -69 27 
-12 9 -77 -55 29 100 60 -128 
11 135 105 -135 36 132 -22 -115 
26 79 -85 -39 -71 8 -11 16 
64 112 34 -98 35 84 109 -74 
-3 56 0 -21 5 -17 -108 47 
-37 -73 -32 103 -66 -133 62 145 
36 -135 32 117 109 -97 0 65 
-2 -17 7 -33 -107 71 -39 -97 
-30 122 -68 -141 60 141 38 -120 
30 93 110 -71 1 45 -4 -7 
9 -30 -106 54 -42 -68 -28 85 
-69 -105 58 114 40 -107 28 96 
110 -90 4 78 -6 -49 12 11 
-105 21 -44 -49 -26 82 -70 -118 
56 141 42 -141 26 130 110 -117 
7 94 -7 -52 14 0 -104 42 
-47 -73 -24 102 -72 -130 53 142 
44 -131 24 109 110 -91 10 70 
-9 -36 15 -2 -102 31 -49 -49 
-23 68 -73 -92 51 109 46 -109 
22 103 110 -102 12 97 -11 -75 
17 39 -101 -6 -52 -22 -21 55 
-74 -96 48 129 48 -140 20 138 
110 -132 15 117 -12 -83 19 34 
-99 11 -54 -45 -19 78 -75 -112 
45 135 50 -134 19 120 109 -106 
18 90 -14 -63 20 25 -97 6 
-57 -27 -18 46 -76 -74 43 97 
52 -106 17 105 109 -108 21 110 
-16 -96 22 66 -95 -33 -60 5 
-16 27 -76 -70 40 110 54 -132 
16 138 108 -139 24 134 -17 -110 
23 67 -93 -21 -62 -15 -15 50 
-77 -89 37 120 56 -131 14 124 
107 -115 28 106 -18 -86 24 51 
-91 -18 -65 -3 -14 23 -77 -52 
34 81 58 -97 13 102 106 -108 
31 117 -20 -113 25 90 -89 -60 
-68 33 -13 -2 -77 -40 31 86 
59 -117 12 131 105 -140 34 144 
-21 -131 26 96 -86 -52 -70 14 
-12 20 -77 -60 28 99 61 -120 
11 122 104 -119 37 116 -22 -104 
27 75 -84 -42 -73 19 -11 0 
-77 -27 24 60 63 -83 10 93 
103 -103 40 118 -23 -123 27 109 
-81 -83 -75 59 -10 -32 -77 -7 
21 56 64 -95 9 118 102 -134 
43 147 -24 -146 28 120 -79 -81 
-78 44 -9 -11 -77 -29 18 73 
66 -104 9 114 100 -117 47 120 
-25 -116 28 95 -76 -65 -80 42 
-8 -24 -76 -1 14 35 67 -64 
8 79 98 -93 50 112 -26 -127 
28 122 -73 -102 -82 82 -8 -60 
-76 24 11 24 69 -69 8 99 
97 -121 53 142 -27 -152 28 138 
-71 -106 -85 72 -8 -41 -75 2 
8 43 70 -81 7 100 95 -108 
56 118 -27 -122 28 109 -68 -84 
-87 62 -7 -46 -74 24 4 9 
71 -41 7 61 93 -78 59 101 
-28 -123 28 129 -65 -117 -89 101 
-7 -85 -73 56 1 -9 72 -38 
7 74 91 -102 62 129 -28 -150 
28 149 -62 -126 -91 96 -7 -69 
-72 34 -2 11 73 -55 7 81 
89 -95 65 109 -28 -121 28 118 
-59 -99 -93 79 -7 -66 -71 48 
-5 -17 74 -16 7 40 87 -59 
68 85 -28 -113 27 128 -55 -125 
-95 115 -7 -105 -70 84 -8 -43 
75 -5 8 46 84 -78 71 110 
-28 -140 27 152 -52 -139 -97 116 
-8 -93 -69 64 -12 -20 76 -25 
8 57 82 -77 74 95 -28 -114 
26 120 -49 -109 -99 93 -8 -82 
-67 70 -15 -44 76 10 9 17 
80 -37 77 64 -28 -97 25 121 
-46 -127 -100 124 -9 -120 -66 107 
-18 -74 77 27 9 15 77 -50 
79 86 -28 -123 24 146 -43 -145 
-102 129 -9 -112 -64 90 -22 -52 
77 5 10 31 75 -54 82 76 
-27 -101 23 116 -40 -112 -103 101 
-10 -94 -63 87 -25 -67 77 36 
11 -7 72 -13 84 39 -26 -75 
22 107 -36 -123 -104 126 -11 -129 
-61 125 -28 -102 77 59 12 -16 
70 -20 87 57 -26 -100 21 133 
-33 -144 -106 136 -12 -126 -59 111 
-31 -80 77 36 13 3 67 -30 
89 54 -25 -82 20 105 -30 -110 
-107 104 -13 -101 -57 100 -34 -87 
77 60 14 -32 64 10 91 13 
-24 -50 18 88 -27 -111 -108 122 
-15 -131 -55 136 -37 -123 77 89 
15 -47 62 11 94 26 -23 -71 
17 113 -24 -135 -108 137 -16 -133 
-53 126 -40 -104 76 65 17 -25 
59 -4 96 29 -21 -59 15 88 
-21 -102 -109 102 -17 -103 -51 107 
-43 -102 75 81 18 -55 57 34 
97 -12 -20 -22 14 63 -18 -94 
-109 112 -19 -127 -49 140 -46 -139 
75 114 20 -77 54 41 99 -5 
-18 -39 12 87 -15 -119 -110 130 
-21 -133 -47 134 -49 -122 74 91 
21 -52 51 22 101 2 -17 -33 
11 67 -12 -89 -110 95 -23 -99 
-45 109 -51 -112 73 98 23 -76 
49 57 102 -38 -15 7 9 35 
-9 -72 -110 96 -24 -116 -43 137 
-54 -147 72 133 25 -102 46 70 
104 -37 -13 -5 7 56 -6 -96 
-110 117 -26 -127 -41 136 -56 -134 
70 112 26 -77 44 47 105 -23 
-11 -6 5 42 -4 -70 -110 83 
-28 -91 -39 104 -58 -115 69 110 
28 -93 41 77 106 -62 -9 36 
4 4 -1 -45 -110 75 -31 -99 
-37 127 -60 -147 67 145 30 -123 
39 95 107 -67 -7 28 2 22 
1 -69 -109 98 -33 -115 -35 130 
-62 -138 66 126 32 -98 37 70 
108 -47 -5 21 0 14 3 -47 
-108 66 -35 -77 -33 94 -64 -112 
64 116 34 -105 34 92 109 -82 
-2 63 -1 -25 5 -16 -108 50 
-37 -78 -31 110 -66 -139 62 149 
36 -137 32 116 109 -93 0 60 
-2 -12 8 -38 -107 74 -40 -97 
-30 118 -68 -135 60 134 38 -114 
30 89 110 -69 2 47 -4 -13 
10 -22 -106 46 -42 -60 -28 79 
-69 -102 57 115 40 -111 28 104 
110 -98 5 86 -6 -55 12 13 
-105 22 -45 -52 -26 87 -71 -124 
55 146 42 -145 26 131 110 -115 
7 89 -8 -46 14 -4 -103 46 
-47 -74 -24 100 -72 -125 53 135 
44 -124 24 104 110 -87 10 70 
-9 -40 16 3 -102 23 -50 -40 
-22 60 -73 -88 50 108 46 -112 
22 110 110 -109 13 105 -11 -82 
17 43 -100 -6 -52 -24 -21 60 
-74 -102 48 135 48 -145 20 139 
110 -130 16 113 -13 -78 19 29 
-99 15 -55 -47 -19 77 -75 -108 
45 128 50 -127 18 113 109 -101 
19 89 -14 -65 20 30 -97 0 
-58 -18 -18 38 -76 -68 42 95 
52 -107 17 110 109 -115 22 118 
-16 -104 22 71 -95 -35 -60 4 
-16 30 -76 -75 39 116 54 -137 
15 141 108 -139 25 131 -17 -105 
23 61 -93 -16 -63 -18 -15 50 
-77 -86 36 115 56 -124 14 117 
107 -109 28 103 -19 -86 24 55 
-91 -25 -65 4 -14 15 -77 -44 
33 77 58 -96 13 105 106 -114 
31 124 -20 -121 25 96 -88 -63 
-68 33 -13 0 -77 -44 30 91 
60 -122 12 135 105 -141 34 143 
-21 -127 26 90 -86 -47 -71 10 
-11 21 -77 -59 27 95 61 -114 
11 115 104 -112 38 111 -22 -102 
27 77 -84 -48 -73 27 -11 -9 
-77 -19 24 54 63 -80 10 94 
103 -108 41 125 -23 -131 27 116 
-81 -88 -76 61 -10 -31 -77 -11 
21 61 65 -101 9 123 101 -136 
44 146 -24 -142 28 115 -78 -75 
-78 39 -9 -8 -77 -29 17 70 
66 -98 8 107 100 -109 47 114 
-25 -113 28 95 -76 -69 -80 49 
-8 -32 -76 7 14 28 68 -59 
8 79 98 -96 50 118 -26 -134 
28 129 -73 -108 -83 85 -8 -60 
-76 22 11 28 69 -74 8 104 
96 -124 53 142 -27 -150 28 134 
-70 -100 -85 67 -7 -37 -75 1 
7 41 70 -76 7 93 94 -101 
57 110 -27 -117 28 108 -67 -86 
-87 68 -7 -54 -74 33 4 1 
72 -35 7 59 92 -79 60 105 
-28 -130 28 136 -64 -123 -89 106 
-7 -86 -73 54 0 -5 73 -44 
7 80 90 -106 63 131 -28 -149 
28 145 -61 -120 -92 90 -7 -64 
-72 31 -2 11 74 -51 7 75 
88 -87 66 101 -28 -115 28 115 
-58 -99 -94 83 -7 -73 -71 57 
-6 -26 74 -9 7 36 86 -59 
69 87 -28 -119 27 135 -55 -132 
-95 121 -7 -108 -70 83 -9 -40 
75 -10 8 52 84 -83 72 113 
-28 -140 26 149 -52 -134 -97 110 
-8 -87 -68 60 -12 -19 76 -23 
8 52 82 -69 74 87 -28 -106 
26 115 -49 -107 -99 95 -8 -88 
-67 78 -16 -52 76 18 9 11 
79 -35 77 65 -28 -101 25 128 
-45 -134 -101 130 -9 -124 -65 108 
-19 -72 77 23 9 20 77 -55 
80 90 -28 -124 24 145 -42 -141 
-102 123 -9 -106 -64 84 -22 -49 
77 6 10 27 74 -48 82 68 
-27 -92 23 109 -39 -109 -103 101 
-10 -98 -62 94 -25 -76 77 44 
11 -14 72 -9 85 39 -26 -78 
22 113 -36 -129 -105 133 -11 -134 
-60 127 -29 -101 77 56 12 -11 
69 -25 87 62 -26 -102 21 133 
-33 -140 -106 131 -12 -119 -59 105 
-32 -76 77 35 13 0 67 -24 
90 46 -25 -73 19 97 -30 -105 
-107 103 -14 -103 -57 105 -35 -95 
77 69 14 -39 64 16 92 11 
-24 -51 18 92 -26 -118 -108 129 
-15 -136 -55 140 -38 -124 77 87 
16 -43 61 5 94 31 -22 -74 
17 114 -23 -133 -108 132 -16 -127 
-53 119 -41 -99 76 63 17 -26 
59 0 96 22 -21 -50 15 80 
-20 -96 -109 99 -18 -103 -51 111 
-44 -109 75 90 18 -63 56 41 
98 -16 -20 -21 14 66 -17 -100 
-110 118 -19 -133 -49 145 -46 -141 
75 113 20 -73 54 36 100 0 
-18 -43 12 89 -14 -118 -110 126 
-21 -127 -47 127 -49 -116 74 87 
22 -51 51 24 101 -2 -17 -25 
10 58 -11 -81 -110 90 -23 -98 
-45 110 -52 -117 73 106 23 -84 
48 64 103 -43 -15 9 9 36 
-9 -76 -110 102 -25 -122 -43 142 
-54 -150 71 133 25 -100 46 65 
104 -32 -13 -10 7 59 -6 -97 
-110 114 -27 -122 -41 129 -56 -127 
70 107 27 -75 43 48 105 -27 
-11 0 5 33 -3 -62 -110 76 
-29 -87 -39 104 -59 -119 69 117 
29 -101 41 84 106 -68 -9 39 
3 4 -1 -48 -110 80 -31 -105 
-37 132 -61 -151 67 146 31 -121 
39 91 107 -62 -6 23 2 26 
1 -70 -109 96 -33 -110 -35 124 
-63 -131 65 120 32 -94 36 69 
108 -50 -4 27 0 6 3 -39 
-108 58 -35 -72 -33 92 -65 -114 
63 121 34 -112 34 100 109 -89 
-2 67 -1 -27 6 -18 -108 54 
-38 -84 -31 115 -66 -144 61 152 
36 -137 32 113 109 -88 0 55 
-3 -7 8 -40 -107 73 -40 -93 
-29 112 -68 -128 59 127 38 -108 
29 86 110 -70 2 51 -5 -20 
10 -13 -106 37 -43 -54 -27 76 
77 85 15 -50 63 19 93 15 
-23 -61 17 105 -25 -131 -108 139 
-15 -141 -54 138 -39 -117 76 76 
16 -31 60 -4 95 36 -22 -72 
16 105 -22 -119 -109 116 -17 -111 
-52 108 -42 -95 76 67 18 -37 
58 17 97 1 -21 -31 14 65 
-19 -89 -109 101 -18 -112 -50 126 
-45 -127 75 107 19 -76 55 47 
99 -15 -19 -28 13 77 -16 -113 
-110 130 -20 -139 -48 145 -48 -135 
74 103 21 -61 52 25 100 6 
-17 -44 11 82 -13 -106 -110 110 
-22 -110 -46 113 -50 -108 73 87 
22 -60 50 39 102 -22 -16 -5 
10 41 -10 -70 -110 87 -24 -103 
-44 123 -53 -134 72 124 24 -99 
47 74 103 -46 -14 5 8 46 
-7 -89 -110 114 -26 -131 -42 145 
-55 -146 71 125 26 -88 45 53 
105 -22 -12 -14 6 56 -5 -87 
-110 99 -28 -104 -40 112 -57 -115 
69 102 28 -79 42 59 106 -45 
-10 21 4 14 -2 -47 -110 69 
-30 -88 -38 113 -60 -133 68 134 
29 -117 40 96 107 -74 -8 38 
3 11 0 -60 -109 93 -32 -116 
-36 137 -62 -150 66 140 31 -110 
37 78 108 -50 -5 16 1 26 
2 -63 -109 83 -34 -93 -34 106 
-64 -116 64 112 33 -94 35 77 
108 -65 -3 46 0 -13 5 -21 
-108 48 -36 -69 -32 97 -65 -126 
62 137 35 -129 33 114 109 -98 
-1 69 -2 -23 7 -28 -107 67 
-39 -95 -30 123 -67 -145 60 147 
37 -127 31 100 110 -75 1 45 
-4 -4 9 -36 -106 63 -41 -78 
-28 94 -69 -111 58 115 39 -104 
29 90 110 -82 4 69 -5 -41 
11 5 -105 23 -44 -47 -27 77 
-70 -111 56 133 41 -135 26 127 
110 -117 6 97 -7 -56 13 6 
-104 37 -46 -70 -25 102 -72 -133 
54 147 43 -138 24 117 110 -96 
9 72 -9 -35 15 -7 -102 39 
-49 -58 -23 77 -73 -99 51 112 
45 -109 23 99 110 -94 12 87 
-10 -66 17 32 -101 -2 -51 -22 
-21 52 -74 -91 49 122 47 -134 
21 133 110 -130 15 119 -12 -87 
18 40 -99 5 -54 -41 -20 76 
-75 -114 46 139 49 -141 19 127 
109 -113 18 95 -14 -63 20 21 
-98 13 -57 -35 -18 56 -75 -82 
43 103 51 -108 17 103 109 -102 
21 101 -15 -87 21 58 -96 -28 
-59 3 -17 25 -76 -65 40 104 
53 -125 16 132 108 -136 24 135 
-17 -113 23 72 -94 -27 -62 -10 
-15 47 -77 -89 37 124 55 -137 
15 132 108 -123 27 112 -18 -88 
24 50 -92 -13 -64 -11 -14 33 
-77 -61 34 88 57 -101 13 101 
107 -104 30 110 -20 -104 25 81 
-89 -53 -67 29 -13 -2 -77 -36 
31 80 59 -110 12 125 106 -136 
33 143 -21 -133 26 100 -87 -58 
-70 20 -12 15 -77 -59 28 102 
61 -126 11 129 104 -127 36 123 
-22 -108 26 75 -85 -39 -72 13 
-11 8 -77 -37 25 68 62 -88 
10 95 103 -101 40 112 -23 -115 
27 99 -82 -75 -75 54 -10 -30 
-77 -6 22 52 64 -89 9 112 
102 -129 43 145 -24 -146 28 124 
-79 -86 -77 51 -9 -16 -77 -27 
19 74 66 -108 9 121 100 -125 
46 128 -25 -122 28 97 -77 -63 
-80 37 -9 -16 -76 -11 15 45 
67 -71 8 83 99 -93 49 108 
-26 -119 28 113 -74 -94 -82 76 
-8 -57 -76 25 12 20 69 -63 
8 92 97 -115 52 138 -27 -151 
28 141 -71 -111 -84 78 -8 -47 
-75 6 8 43 70 -84 7 106 
95 -116 55 126 -27 -129 28 114 
-68 -85 -86 59 -7 -39 -74 15 
5 19 71 -49 7 67 93 -80 
58 99 -28 -117 28 120 -65 -108 
-89 94 -7 -80 -73 54 2 -11 
72 -33 7 68 91 -96 62 125 
-28 -149 28 150 -62 -130 -91 102 
-7 -75 -72 39 -1 9 73 -56 
7 85 89 -102 65 118 -28 -129 
28 124 -59 -101 -93 78 -7 -61 
-71 40 -4 -8 74 -25 7 47 
87 -63 68 84 -28 -109 27 121 
-56 -117 -95 107 -7 -99 -70 81 
-8 -43 75 -2 8 40 85 -72 
70 105 -28 -138 27 152 -53 -142 
-97 121 -8 -99 -69 69 -11 -24 
76 -24 8 60 82 -83 73 103 
-28 -123 26 127 -50 -113 -98 93 
-8 -79 -68 63 -14 -34 76 0 
8 25 80 -43 76 65 -28 -95 
25 116 -47 -119 -100 116 -9 -113 
-66 103 -18 -73 77 29 9 10 
78 -44 79 80 -28 -120 24 145 
-43 -147 -101 134 -9 -119 -64 96 
-21 -57 77 7 10 32 75 -59 
81 84 -27 -110 23 124 -40 -119 
-103 104 -10 -93 -63 82 -24 -59 
77 26 11 1 73 -20 84 43 
-27 -75 22 103 -37 -116 -104 118 
-11 -121 -61 120 -27 -99 77 60 
12 -20 70 -14 86 52 -26 -95 
21 131 -34 -144 -105 140 -12 -132 
-59 118 -31 -86 77 40 13 2 
68 -33 89 60 -25 -91 20 114 
-31 -118 -106 109 -13 -102 -58 97 
-34 -80 77 51 14 -22 65 2 
91 19 -24 -52 18 86 -28 -106 
-107 115 -14 -123 -56 130 -37 -120 
77 88 15 -50 62 16 93 20 
-23 -66 17 110 -25 -134 -108 139 
-16 -138 -54 133 -40 -111 76 70 
16 -27 60 -5 95 34 -22 -67 
16 97 -21 -111 -109 109 -17 -106 
-52 106 -43 -97 76 73 18 -45 
57 25 97 -5 -20 -25 14 63 
-18 -90 -109 105 -19 -119 -50 133 
-45 -134 75 112 19 -78 55 46 
99 -11 -19 -33 13 83 -15 -117 
-110 132 -20 -138 -48 141 -48 -130 
74 97 21 -56 52 22 101 6 
-17 -40 11 76 -13 -98 -110 103 
-22 -104 -46 109 -51 -108 73 91 
23 -67 49 47 102 -30 -15 1 
9 36 -10 -70 -110 90 -24 -109 
-44 130 -53 -141 72 129 24 -102 
47 73 104 -43 -14 0 8 51 
-7 -94 -110 117 -26 -131 -42 142 
-56 -141 71 119 26 -82 44 49 
105 -21 -12 -11 6 50 -4 -79 
-110 91 -28 -97 -40 107 -58 -114 
69 105 28 -84 42 67 106 -53 
-10 29 4 8 -2 -45 -110 71 
-30 -93 -38 119 -60 -140 68 140 
30 -121 39 97 107 -72 -7 34 
2 17 0 -65 -109 97 -32 -117 
-36 135 -62 -145 66 134 32 -104 
37 73 108 -47 -5 17 0 22 
3 -57 -109 75 -35 -85 -34 99 
-64 -113 64 112 34 -98 35 83 
109 -73 -3 55 0 -20 5 -18 
-108 47 -37 -72 -32 103 -66 -132 
62 144 36 -134 32 117 109 -97 
0 66 -2 -18 7 -33 -107 71 
-39 -97 -30 122 -67 -142 60 142 
38 -121 30 94 110 -71 1 45 
-4 -7 9 -31 -106 55 -42 -69 
-28 86 -69 -106 58 114 40 -106 
28 96 110 -89 4 77 -6 -48 
11 10 -105 21 -44 -48 -26 81 
-70 -117 56 140 42 -141 26 130 
110 -117 7 94 -7 -52 13 0 
-104 42 -47 -73 -24 103 -72 -131 
53 142 44 -131 24 110 110 -91 
9 70 -9 -36 15 -3 -102 32 
-49 -50 -23 69 -73 -93 51 109 
46 -109 22 103 110 -101 12 96 
-11 -74 17 39 -101 -5 -52 -22 
-21 55 -74 -96 48 128 48 -140 
20 137 110 -131 15 117 -12 -84 
19 34 -99 10 -54 -45 -19 78 
-75 -113 46 135 50 -135 19 121 
109 -106 18 91 -14 -62 20 24 
-97 7 -57 -28 -18 48 -76 -75 
43 98 52 -106 17 105 109 -107 
21 109 -16 -95 22 65 -95 -33 
-60 5 -17 26 -76 -69 40 110 
54 -131 16 137 108 -139 24 134 
-17 -111 23 67 -93 -21 -62 -15 
-15 50 -77 -89 37 121 56 -132 
14 125 107 -116 27 107 -18 -86 
24 51 -91 -17 -65 -4 -14 24 
-77 -53 34 82 57 -97 13 102 
107 -108 31 116 -20 -112 25 89 
-89 -59 -67 32 -13 -2 -77 -39 
31 85 59 -116 12 131 105 -140 
34 144 -21 -132 26 96 -87 -53 
-70 15 -12 19 -77 -61 28 100 
61 -121 11 123 104 -120 37 117 
-22 -104 27 75 -84 -42 -73 18 
-11 0 -77 -28 24 61 63 -83 
10 93 103 -103 40 117 -23 -122 
27 108 -82 -82 -75 58 -10 -32 
-77 -7 21 56 64 -95 9 118 
102 -133 43 147 -24 -146 28 121 
-79 -82 -78 45 -9 -11 -77 -29 
18 74 66 -104 9 115 100 -117 
46 121 -25 -117 28 95 -76 -65 
-80 41 -8 -23 -76 -2 15 36 
67 -64 8 80 98 -93 50 112 
-26 -126 28 121 -73 -102 -82 81 
-8 -60 -76 24 11 23 69 -68 
8 98 97 -120 53 142 -27 -152 
28 138 -71 -106 -85 73 -8 -41 
-75 2 8 44 70 -82 7 101 
95 -109 56 119 -27 -123 28 110 
-68 -84 -87 62 -7 -45 -74 23 
4 10 71 -42 7 62 93 -78 
59 101 -28 -123 28 128 -65 -116 
-89 100 -7 -84 -73 55 1 -10 
72 -38 7 74 91 -101 62 129 
-28 -150 28 149 -62 -126 -91 97 
-7 -69 -72 34 -1 11 73 -55 
7 81 89 -96 65 110 -28 -122 
28 118 -59 -99 -93 79 -7 -65 
-71 47 -5 -16 74 -17 7 41 
87 -59 68 84 -28 -113 27 128 
-56 -124 -95 115 -7 -104 -70 83 
-8 -43 75 -5 8 46 84 -77 
71 110 -28 -140 27 152 -52 -139 
-97 116 -8 -93 -69 64 -12 -21 
76 -25 8 58 82 -77 74 96 
-28 -115 26 121 -49 -109 -99 92 
-8 -82 -67 69 -15 -42 76 9 
9 17 80 -38 77 64 -28 -97 
25 121 -46 -126 -100 123 -9 -119 
-66 107 -18 -74 77 27 9 15 
77 -49 79 86 -28 -123 24 146 
-43 -145 -102 130 -9 -113 -64 90 
-22 -52 77 5 10 31 75 -55 
82 77 -27 -102 23 116 -40 -113 
-103 101 -10 -94 -63 87 -25 -66 
77 35 11 -6 72 -14 84 40 
-27 -75 22 107 -37 -122 -104 125 
-11 -128 -61 125 -28 -101 77 60 
12 -16 70 -19 87 57 -26 -100 
21 133 -33 -144 -106 137 -12 -126 
-59 111 -31 -81 77 37 13 3 
67 -30 89 54 -25 -83 20 106 
-30 -111 -107 105 -13 -101 -57 100 
-34 -86 77 59 14 -31 65 10 
91 14 -24 -50 18 87 -27 -111 
-108 121 -15 -130 -55 136 -37 -123 
77 89 15 -48 62 11 93 26 
-23 -71 17 113 -24 -135 -108 137 
-16 -134 -53 127 -40 -105 76 66 
17 -25 59 -4 95 29 -21 -60 
15 89 -21 -103 -109 103 -17 -103 
-52 107 -43 -102 75 80 18 -54 
57 34 97 -12 -20 -22 14 63 
-18 -94 -109 111 -19 -126 -50 140 
